0.9942352175712585
0.23171988129615784
0.9990530610084534
0.07065562903881073
0.9997135996818542
0.026423541828989983
0.9939715266227722
0.9847069382667542
1.0
1.0
0.8064321279525757
1.0
1.0
0.9786105155944824
0.9601162672042847
0.9999957084655762
0.9830396771430969
0.8421689867973328
0.9999326467514038
0.9999996423721313
0.9999998807907104
0.9994884729385376
0.9011926651000977
0.4560684859752655
0.603127658367157
0.9759423732757568
0.8950091004371643
0.9990447163581848
0.2991946339607239
0.9849376082420349
0.9999983310699463
1.0
0.9999998807907104
0.9999892711639404
0.9947920441627502
0.9999992847442627
0.9997681975364685
0.9999889135360718
0.9264752268791199
0.9999561309814453
0.9999938011169434
0.9999998807907104
1.0
1.0
0.9999986886978149
0.9992720484733582
0.9455894827842712
0.015042043291032314
0.9709153771400452
0.9999592304229736
0.9999964237213135
0.9987494945526123
0.999995231628418
0.9896710515022278
1.4674826687155473e-08
0.9984015822410583
0.9999997615814209
0.0016853499691933393
0.9967447519302368
0.9907200336456299
0.9547094702720642
0.9999881982803345
0.9999992847442627
1.0
0.9999814033508301
0.26940926909446716
0.9999852180480957
0.9998212456703186
0.9999998807907104
0.9605804681777954
0.9997761845588684
1.0
0.014559539034962654
1.7905696267916937e-06
0.06955353170633316
0.999852180480957
0.9999998807907104
1.0
0.9984278678894043
0.9950215816497803
1.0
0.02186610735952854
0.7038989067077637
1.0
1.0
0.9994586110115051
7.691663086006884e-06
1.2132518634189182e-07
0.9936449527740479
0.9999998807907104
0.9941377639770508
0.867031991481781
0.5956259965896606
1.0
0.9944602251052856
0.9994755387306213
0.9985594153404236
0.6504159569740295
0.9997909665107727
1.40311012728489e-05
0.005836659111082554
0.9491294026374817
0.9250597953796387
0.9998619556427002
0.9997318387031555
0.9993391633033752
0.999988317489624
0.9999978542327881
0.9999988079071045
0.9999994039535522
1.0
0.9957692623138428
0.9999271631240845
0.9999889135360718
0.9999997615814209
0.9998113512992859
7.856552110752091e-05
0.9896266460418701
0.9753902554512024
0.9815670847892761
0.012059742584824562
0.9820329546928406
0.05514105036854744
0.9477859735488892
0.043957870453596115
0.668617844581604
0.9999845027923584
0.9997891783714294
0.9982115030288696
0.9999606609344482
0.9996501207351685
0.18893739581108093
0.002479171147570014
0.24370481073856354
0.07204087823629379
0.9999997615814209
0.9999814033508301
1.0
1.0
0.9999986886978149
0.9999998807907104
0.9996336698532104
0.999931812286377
1.0
0.9999887943267822
1.0
1.0
1.0
1.0
0.9959094524383545
1.0
1.0
0.9980999827384949
0.8213843107223511
1.0
0.9996650218963623
0.9999969005584717
0.9999949932098389
0.03194491192698479
0.010496675968170166
0.983735203742981
0.2514505982398987
5.340371353668161e-05
0.999077558517456
0.8603876233100891
6.838392323516018e-07
0.9492819309234619
0.8426882028579712
0.6689353585243225
0.14125290513038635
0.9997486472129822
1.0
1.0
9.675521717156244e-09
0.3390020728111267
0.1806083619594574
0.9999918937683105
1.0
0.9999997615814209
0.9585970640182495
0.9974837303161621
0.9999818801879883
0.9999998807907104
1.947547025338281e-05
0.9999939203262329
0.9623972773551941
0.9999979734420776
0.0028307228349149227
0.9999986886978149
0.9999996423721313
0.9997876286506653
0.0018857440445572138
7.285989704541862e-05
0.9871644973754883
0.9999703168869019
0.9999998807907104
0.9999997615814209
0.9994561076164246
0.9997567534446716
0.9999998807907104
0.9123542308807373
0.9999978542327881
0.9999750852584839
1.0
0.9997212290763855
0.9764312505722046
0.9992892742156982
0.9867005944252014
0.8768921494483948
0.002379401121288538
1.8100131455867086e-06
0.4633907973766327
0.9999959468841553
0.9631229043006897
0.9527238607406616
0.6651378870010376
0.6319636106491089
0.9676649570465088
0.9999998807907104
1.0
0.996890127658844
0.9989436268806458
0.999998927116394
0.9697268009185791
0.9878204464912415
0.055622491985559464
0.0880739688873291
0.04736585170030594
0.8284229040145874
0.4139558672904968
0.004796766676008701
0.9978094696998596
0.008358106017112732
1.0
1.0
0.9999899864196777
0.999908447265625
0.9999991655349731
0.9999996423721313
1.0
0.9999997615814209
0.9999996423721313
0.274674654006958
0.9957162737846375
0.024197597056627274
0.016066016629338264
0.9758142828941345
0.9934114813804626
0.9774100184440613
0.3839491307735443
0.07505068928003311
0.9966541528701782
0.10385030508041382
0.9999990463256836
0.07047554850578308
1.013992732623592e-05
0.9996693134307861
0.9847999811172485
0.9049685597419739
0.9801735877990723
0.9999890327453613
0.9999997615814209
0.4574546813964844
0.9999531507492065
0.9999995231628418
0.766813337802887
0.0005214332486502826
0.9963524341583252
0.005741504952311516
0.00043602564255706966
0.5669516324996948
0.9997389912605286
0.6896986961364746
0.0006471376400440931
0.9968653321266174
1.7583013232069789e-06
0.0023907548747956753
0.9995315074920654
0.0004933091695420444
0.11682027578353882
7.659391849301755e-05
4.083830208401196e-05
9.330859711553785e-07
0.002575373975560069
0.999969482421875
0.4179120361804962
0.21433134377002716
0.9542831778526306
0.9492259621620178
0.08274734765291214
0.9999948740005493
0.9993220567703247
0.9841510057449341
0.8226279020309448
0.0312388576567173
0.9972003698348999
0.9997182488441467
0.7919498085975647
0.9992222785949707
0.9999971389770508
1.0
0.9999957084655762
1.0
0.9999998807907104
0.9999998807907104
0.9993568062782288
1.0
0.006969759240746498
0.9998928308486938
0.9999998807907104
0.9999963045120239
0.9999998807907104
0.9999486207962036
0.9999972581863403
0.9958698153495789
1.0
0.9999998807907104
1.0
0.9998383522033691
1.0
1.0
1.0
0.9998923540115356
1.0
0.9999314546585083
0.9999998807907104
1.0
1.0
0.997477114200592
1.0
0.9992733597755432
0.9999951124191284
0.9999942779541016
0.9998900890350342
0.9999998807907104
1.0
1.0
0.9999998807907104
1.0
0.9999998807907104
1.0
1.0
1.0
1.0
0.9999995231628418
1.0
0.9999992847442627
1.0
1.0
1.0
0.9986039996147156
0.9454287886619568
1.0
0.9999997615814209
0.9999996423721313
1.0
1.0
4.663641902880045e-06
0.9993534684181213
0.9999997615814209
1.0
0.999832272529602
1.0
1.0
1.0
1.0
0.9999643564224243
0.9999852180480957
0.9999995231628418
1.0
0.9987459182739258
1.0
1.0
1.0
0.9999867677688599
0.9999866485595703
0.9999998807907104
0.9999992847442627
1.0
1.0
1.0
1.0
1.0
0.9999998807907104
1.0
0.9999995231628418
0.0013470312114804983
0.99997878074646
0.9999716281890869
0.9999865293502808
1.0
0.9999885559082031
0.9999841451644897
0.9999997615814209
0.9998553991317749
0.982067346572876
0.9999982118606567
0.9996930360794067
0.9999914169311523
0.990415096282959
