1.744774151175246e-23
2.1855695059042206e-21
2.673707880530146e-13
2.796566096237166e-16
1.6882291013112734e-18
2.6492902608540193e-17
1.1532619206399558e-13
2.6315270906663146e-21
4.877110710859049e-22
1.5538440384482657e-21
1.5496497020916681e-25
1.7894852095613625e-23
2.5068722586850494e-17
5.868275360568825e-17
1.1567408829482806e-16
2.528356289862644e-17
2.128474364804494e-15
2.607813867194081e-13
1.8829450910607833e-19
4.347577258028478e-17
2.5661864753529157e-15
6.602921673510599e-15
4.281816753467212e-20
1.386933230141849e-15
5.855226642628233e-21
1.6456314663824273e-13
2.682141375697575e-20
6.27483648452321e-16
2.1193643219703432e-18
2.311934931692461e-12
8.125605697735343e-15
1.11244302037652e-25
1.802935171568094e-16
5.274591622199511e-18
1.146044780019383e-18
7.618266394747328e-21
1.741351706536937e-21
1.1244528844899113e-18
1.9124359216676314e-20
1.9579119037636609e-23
2.4039600813121105e-22
3.656408555453293e-24
6.847451201014862e-25
3.945029520831393e-21
5.05809786927533e-23
3.0786168517550255e-24
5.481567721096764e-19
2.2512778580203348e-20
1.6121096835611242e-21
2.467110120909447e-19
5.053922582237208e-19
2.917658540400726e-23
1.2104143002475192e-17
8.364721949479553e-23
1.7646542348477207e-23
5.083770558574842e-22
7.182893455310677e-23
3.595055292980181e-24
1.0713440798085847e-27
3.978847167422877e-24
1.2562069451261228e-21
2.698877119124179e-23
7.900230778257775e-20
6.615586328985391e-20
1.1841246372855012e-20
8.819288215528142e-22
2.247433891552664e-20
1.1894746389332573e-22
4.379258447872406e-22
4.495476213219952e-21
5.0795662959814744e-21
1.5304826737357272e-22
1.8219861450656586e-20
1.6912458290052543e-18
7.419121466740708e-19
1.5218264336029774e-21
1.0344327657559284e-27
6.949454998415123e-23
3.8258752521923808e-19
7.168882149674248e-22
5.004830884675754e-25
7.136859007404058e-19
6.548530603389793e-25
1.5494661414354762e-18
4.707674495579121e-23
2.327396447782078e-21
3.0894771787232937e-23
3.151837663730572e-26
2.6214966169713464e-22
2.818975133492326e-22
7.422680185144019e-21
4.814261279015877e-23
1.237946758782163e-17
1.2154471721171427e-19
7.69209339532868e-20
2.1383486404786666e-20
4.415291392590593e-21
1.8728149396786217e-20
1.6630913909719552e-23
3.7124500009329935e-21
4.023197222762951e-18
9.283032808789219e-21
1.1605839979369083e-20
3.0088660450389786e-21
6.35019470156106e-27
1.2962548983956277e-23
4.3813104775017786e-16
5.5912244262921646e-24
4.988446878707342e-22
4.6885494306790335e-24
1.2152654060269915e-28
1.1010451142836276e-23
5.962926123838134e-21
8.036362068669289e-23
1.878124437547189e-19
6.054976059931792e-15
4.942956716653526e-18
1.8253662764671888e-21
8.711824206143006e-21
1.6562650640039074e-17
2.24317300201633e-16
6.919672280690537e-22
2.837477897578721e-22
1.836084327638035e-23
6.239538370096582e-22
5.255832406677727e-18
2.4811797441926993e-21
3.6903545042756676e-20
9.502485279327958e-21
5.310233352486763e-15
1.3941591032117303e-21
7.0502576643681815e-22
6.624085109335103e-16
1.1159762001811078e-23
7.43028815685599e-17
2.5264187540505222e-24
2.3225956738157308e-23
2.7358690635413214e-18
1.0062899478710735e-17
1.2494239340989108e-23
3.4050336577152026e-21
5.2907283003632864e-20
2.2277187783601957e-18
1.8869572112186046e-27
4.4101032979008796e-15
1.442568758040081e-21
6.250959428105305e-19
1.1755242749587984e-27
1.511160901192023e-26
1.2499249097696371e-15
2.3640595933614926e-26
1.1488863727416611e-24
8.620869503025884e-23
6.574412125814888e-10
8.263000270921767e-19
3.443086342533334e-26
4.9192391323859153e-17
6.2198880847612415e-21
4.0129520351145074e-21
8.785818743110142e-20
4.213813963890589e-18
1.4266395656929432e-19
6.791131955800805e-25
8.984336196461005e-18
9.622803824066185e-18
3.776523923904084e-15
5.775631915199528e-21
2.363286432868761e-13
6.650606441934502e-20
7.277182686095942e-25
9.363005848951286e-16
5.23152859951e-18
1.6417882413539627e-20
8.51388776962428e-19
1.296411429528074e-18
1.226046069950332e-19
5.724520998683309e-22
3.718626680860411e-15
2.827036154368394e-18
4.574355691867697e-15
2.535651149362635e-15
1.101056804646885e-17
4.2414052970053314e-19
1.0290610720818008e-18
1.2959978086266162e-23
7.465920980062406e-16
7.926108322390278e-18
1.0308973148947501e-23
4.07756348217575e-13
8.016103514481288e-13
4.59860123071254e-13
2.9679365113088967e-24
2.3798231068611922e-17
2.6877130510462306e-20
1.9867250835668527e-18
4.883122918064413e-15
1.11202376373146e-16
6.568766355351241e-19
4.462106765840379e-22
7.340578082639384e-19
4.4144629764803975e-15
6.325265831941262e-13
1.6580052667242618e-15
8.504627579601977e-21
6.093906821492603e-22
2.617516102856265e-17
4.968596801013607e-16
5.31006807518293e-16
3.73428924275169e-24
1.0010638207609635e-17
8.996831144123356e-23
2.9289290894032885e-18
1.0169669289691483e-19
8.420872012846213e-17
4.43160522926693e-15
4.9433414549000364e-15
4.1785866411640587e-16
9.558043592705623e-12
9.68245733698643e-14
1.7422121074983722e-17
6.214645497434196e-14
6.619352982406568e-11
1.0168743235146336e-18
1.6436770294420754e-17
3.0782285725242095e-17
7.950598968978865e-20
1.2938338272058792e-16
9.038133541959616e-18
1.1079071008897428e-18
1.7182027336153224e-15
2.134962425422225e-16
1.3811294894274382e-17
1.1508712548496253e-13
3.311737458921381e-20
8.951056584306782e-13
3.565814743578535e-23
3.2192547645649647e-14
1.8096151097053026e-20
7.230314001223294e-16
1.3158257454378122e-21
3.91867646740012e-21
1.247765041101407e-18
6.014710992624676e-23
2.614553538948794e-16
9.073273994178216e-16
1.6499879922933214e-20
2.201277019501749e-19
9.782861234422166e-15
3.4517575429882097e-12
3.5088829086239726e-13
2.5069296650195606e-17
1.2527948250993416e-21
2.6979899434356747e-13
9.881843260339807e-11
5.1906860869266064e-15
4.24129414461052e-18
3.902114667172029e-23
9.211819343514366e-19
1.4023793923025286e-20
2.1238468395591622e-19
7.58880888400953e-18
2.2602241987610327e-15
3.9314072132358374e-19
2.0371487812089725e-16
1.0617968937160971e-16
1.3744175136648669e-14
8.314089918233368e-20
3.8789443685592156e-17
1.8152509561749163e-19
2.659044283316505e-14
3.8829015212003305e-15
4.450717680688776e-14
1.2813092600816312e-12
3.473116932939391e-11
2.2767852598908067e-13
2.1567310736158454e-21
2.4330763098712183e-11
5.674572160421567e-17
2.691954747924402e-17
7.67807380717446e-14
2.603137387704378e-17
1.7551362998600926e-21
4.674569853923248e-15
2.8829196229020844e-15
2.4803993357970248e-17
2.436213928277953e-16
3.2299446450778646e-10
1.7292741755374303e-17
5.225465513850752e-14
7.723082941496155e-20
1.4572077421272757e-15
3.1938658413556116e-15
1.9305690697100505e-21
2.7526338246294113e-22
5.848567153817483e-16
3.935837851090613e-17
8.229510594100317e-16
1.2682556393972533e-11
1.4869233231837309e-12
9.600333628162304e-17
2.0865490849953356e-23
6.793071690811034e-26
1.506523667912536e-16
5.4148941722746094e-27
1.104653882258633e-17
2.8061045040641045e-19
2.979631621358094e-17
1.5232749149050565e-18
1.2246004062322143e-21
9.502791027615325e-25
6.322077202154218e-22
1.5198275551268864e-25
1.1235785316108132e-25
8.049370700540746e-23
2.4315459791878375e-22
3.942933801396147e-23
8.006824789238144e-25
8.953116385506097e-22
1.7483478450615458e-20
3.954681596882789e-24
2.6699865084200888e-25
1.5322294011065038e-22
2.7848657582494827e-24
1.8349519588293572e-21
3.730384245685378e-26
9.781005667370656e-28
1.7190716638876338e-26
1.1295689965785518e-18
2.2107343757778724e-20
2.7652295829579013e-16
1.0339516611312469e-19
2.0834980032545912e-20
1.2114869820781082e-23
3.756625361363507e-29
4.32881051516312e-17
2.907616088641773e-22
9.286192471977781e-27
4.8962416657101994e-20
1.3426979667928977e-16
4.5850007430703445e-20
4.538073106709592e-19
2.786046564695463e-23
6.176322301049186e-18
3.040864565761248e-20
2.836859619955645e-23
5.671422909992402e-21
1.7155188721627775e-21
2.6836177186075718e-18
8.409089616713626e-25
5.430198478281185e-28
5.0545818767777145e-25
8.56585876111684e-24
5.1098594508879496e-23
6.138341889633508e-18
3.623864389912711e-29
1.051855890053994e-15
9.43723134611918e-16
7.173047254474458e-20
1.2759385351995205e-24
5.161565420962195e-21
6.259076829665441e-25
1.3205380294054327e-20
2.324656953224686e-19
4.439314152220508e-18
3.539805052900312e-24
1.0329820782846181e-26
3.6540322167469036e-27
1.1565659115658823e-21
1.0859416929054576e-29
1.494738313269332e-22
5.159783381021857e-25
2.419373996182645e-26
2.5757331224266505e-27
2.134694731827736e-30
3.3556519218798473e-18
4.704752908195868e-21
6.963712883037862e-21
3.708505044113583e-19
3.8098634427581836e-22
1.0690799773660065e-24
2.5294411689015153e-21
4.527735210209057e-18
8.543876653432765e-21
1.1959655176095412e-25
7.252264542252274e-26
7.335366897867927e-28
4.335676874219498e-21
4.1730667367234974e-20
6.3976146096880925e-25
3.4738594366674564e-22
5.281101589660982e-23
9.425968005575603e-24
2.8452008338249053e-18
1.0610471300276573e-25
1.9613497990316593e-24
5.3629955279286e-24
3.999076161118287e-21
6.7238656444176464e-21
7.020625398195439e-23
1.5726385485409605e-23
1.3256212966076411e-19
6.4787325019633665e-18
1.1357652000013134e-25
2.9146441451096955e-23
1.0656892362586176e-22
7.898153961014501e-27
4.0789205580931137e-26
1.6141071322268244e-24
2.919342524930545e-21
2.4456831791361304e-24
1.7996867411654216e-29
1.492817910281662e-22
3.909004541340374e-27
5.32901878301652e-17
9.556183198277584e-27
2.086361308331989e-20
2.5330497216045838e-23
1.4618676468629122e-23
8.22430281508404e-23
2.3586584500979093e-23
1.4038552261006297e-22
1.147656144159969e-23
5.4876458539324246e-30
1.1656947866659426e-21
3.061768243789901e-21
1.4473222604822484e-18
2.6172172358871396e-24
1.3674053794380864e-24
8.293040683377016e-24
1.0694878184540057e-24
1.151000005478882e-18
5.620781624461166e-23
5.722172674153297e-26
4.1259326412517305e-18
1.618056655762015e-19
8.58872606382216e-25
7.540076893648086e-24
1.4621804459890505e-22
2.4334387404893886e-22
3.27112206076614e-26
5.767637774942356e-29
4.573654206416309e-24
1.427687730034143e-30
2.6837162096460153e-21
1.2442830537973303e-22
1.4684645269206649e-28
8.686615197253454e-26
1.5204658302243418e-17
6.896040129358838e-28
1.9288363051772964e-24
1.8250789291492966e-23
4.69864437324262e-18
4.69864437324262e-18
3.1740190863914674e-23
1.2681138223029115e-21
1.778583593613315e-22
6.341635462131799e-24
2.8044538829232134e-21
5.683710774643115e-26
3.332586959383292e-26
1.6640865530039638e-17
1.3545459724915152e-16
6.719145100760804e-22
1.8876744739987321e-22
9.188082329549648e-22
8.409362868664864e-21
5.574295238518581e-16
3.952127570592408e-19
5.754299298786826e-21
2.5346341274907786e-16
1.7621595095666135e-22
9.522800681691483e-22
6.372825444602427e-23
6.191293251493966e-28
2.9845642622019306e-20
3.0566732797368433e-18
3.8872720914681145e-23
2.9383613782294424e-19
2.613807233234191e-30
1.1659711732348733e-20
1.173361178978028e-18
5.574295238518581e-16
5.425349097583968e-22
2.4151093995843973e-22
1.804131989988601e-24
2.7098891653067877e-27
1.3036595999764422e-14
1.3256248872500462e-21
1.3256248872500462e-21
4.721234698995508e-23
2.6616735426879677e-21
7.423522537129501e-23
5.7395033088322615e-28
9.558249692634963e-22
9.558249692634963e-22
1.5056628377380672e-22
7.299313685753852e-25
1.6378289284483826e-27
7.535604389738409e-28
1.6969810447868672e-22
3.919929142973079e-15
4.253497510806059e-13
3.2797842133142074e-13
7.075512051257782e-12
3.1298915604318625e-16
1.982948863449844e-16
1.839241107505496e-13
1.1078612257176684e-13
1.6123306032303497e-14
9.193023065338056e-15
8.539964846399073e-10
1.7743388702751162e-10
2.7309324246438393e-10
6.440404876073558e-10
2.5096988221884158e-14
5.419535331033405e-15
2.930854434997067e-16
8.408230708911724e-12
2.964171258367453e-15
7.482411500288333e-13
1.7495459291375082e-12
6.150887506373528e-16
6.940630850844692e-16
7.23445588645625e-15
1.2970895191255494e-10
2.5888267766484285e-14
9.493881375499669e-13
8.647543401837932e-13
3.061395267064254e-13
5.616300827182563e-12
9.639895218876982e-13
2.02032419224744e-16
9.79458184107156e-16
6.044191258602893e-10
1.2135196276671922e-12
3.172659097662957e-18
4.2839218283852176e-10
3.5067521803044954e-11
1.3847959674925795e-17
6.727476481661896e-23
3.8468520107234243e-16
1.1229071312520529e-15
6.5152371462318115e-06
1.2507093646423954e-19
2.487171060221448e-19
1.058551135635355e-09
1.7559863746451423e-14
1.2483934915717942e-18
1.6418767432171574e-19
4.411091825054995e-17
1.5205834883946713e-15
3.987044802952832e-20
6.130461836246083e-16
5.4974556796212765e-21
7.780208002287324e-21
1.0087944168288671e-20
1.5215807373411653e-16
8.587032824982754e-15
3.360715450096948e-16
8.864574340397617e-17
1.3096069668575151e-20
4.6366532710723565e-15
6.436560675724887e-14
5.0915705266036445e-15
1.8817336540344264e-17
9.960932097420711e-17
1.214326264838951e-18
8.248850247944796e-21
1.0890830389315788e-20
1.1561018230593569e-15
3.7805934467566674e-20
2.5396491448736753e-15
2.7520333390352713e-16
1.955006421778139e-14
4.876509298047141e-17
1.2116524241883886e-17
5.807229762234656e-19
3.728091065431705e-20
8.961677699838994e-14
3.1365406455723282e-21
1.4057469776602222e-22
7.153110521501311e-17
2.555701557424667e-17
8.379088142255954e-17
7.439895590837094e-19
4.942021777568214e-15
1.2885179551352102e-18
6.362430808576737e-15
6.800527273404769e-22
2.8440940661653094e-18
3.1917957860061463e-11
5.451705467007834e-19
3.9064766735474485e-24
1.7405988406060977e-16
2.0051929544963668e-14
2.5694530421975703e-19
7.543026401658674e-20
6.587800864852689e-15
8.368890990616794e-26
1.3113555719286053e-14
