0.0
6.804648730303353e-38
1.431701902182879e-30
0.0
0.0
5.344232622677232e-37
1.4628675279492231e-36
3.391666481395592e-37
3.1131927238384756e-26
1.149983490302098e-30
3.948995395086733e-33
3.8844805916937594e-33
0.0
1.1117133240391906e-25
0.0
0.0
5.946080951265119e-33
0.0
0.0
0.0
0.0
0.0
0.0
0.0
0.0
0.0
0.0
2.8932559618793045e-36
0.0
0.0
0.0
0.0
0.0
0.0
1.742614054106163e-36
8.518723760518873e-35
0.0
0.0
0.0
0.0
0.0
0.0
4.0126517202616215e-33
0.0
4.002205683953117e-28
0.0
0.0
0.0
0.0
0.0
0.0
0.0
0.0
0.0
1.4306164083746455e-36
0.0
1.7575796401432606e-31
2.7533594775355634e-30
8.246934887723745e-35
2.0601200000718852e-35
0.0
1.6284142828730564e-36
4.642491276566918e-31
2.2537087764473605e-28
0.0
0.0
0.0
0.0
2.6312488249884267e-34
0.0
0.0
0.0
0.0
1.0238640456510145e-35
0.0
0.0
0.0
0.0
1.0672256640449915e-32
8.376922571078425e-30
2.2640131327686166e-37
0.0
1.1837404606204245e-28
6.945083183076274e-30
1.2441744772649194e-36
4.897492878722109e-35
0.0
0.0
0.0
0.0
5.111254230531738e-34
0.0
1.2450956124026526e-36
0.0
0.0
0.0
9.034564459903124e-37
3.3340320844928065e-36
0.0
0.0
0.0
4.42175835796273e-31
4.583355526154451e-28
4.055944515986834e-32
7.727956707821373e-32
0.0
0.0
2.2903060321663745e-38
5.341418870588439e-30
2.9276189032598684e-35
0.0
1.1613157767349591e-33
0.0
0.0
7.757173514156747e-38
0.0
0.0
0.0
4.0834582308017285e-30
2.9223205117062182e-34
0.0
0.0
0.0
5.647944727169878e-32
1.0284394443245406e-36
1.6205047941681668e-24
1.7380257769392305e-37
0.0
8.208989809574868e-27
2.0240134939464013e-29
1.4123780622216748e-32
4.152704159215663e-22
0.0
1.0596097928403292e-35
0.0
0.0
0.0
0.0
0.0
0.0
0.0
0.0
0.0
0.0
0.0
0.0
0.0
0.0
2.1993921700083698e-38
0.0
2.379255739108486e-36
0.0
1.8645478334392038e-33
4.229152396495442e-37
1.8687452876124467e-37
0.0
0.0
0.0
0.0
0.0
0.0
0.0
4.228114765447959e-32
0.0
0.0
1.1248990535819808e-33
0.0
0.0
0.0
0.0
4.994370861083988e-36
0.0
0.0
6.033449178589127e-35
0.0
0.0
0.0
3.983534541520761e-34
1.4317397116444237e-38
7.658472328146827e-37
1.433171278155578e-38
3.172578399069001e-38
2.2094350462892376e-36
4.906628618778609e-31
2.82683693987439e-29
2.370514650043317e-35
3.509802512122206e-34
3.8246998246327627e-38
0.0
0.0
1.7253163361794358e-37
5.532459964975936e-37
0.0
1.245556672933557e-28
1.5787332580850148e-38
0.0
5.899461691919987e-36
1.495202067893847e-27
3.041990939720084e-27
5.717000704012368e-34
1.6539206509127213e-27
2.7497372600822505e-37
3.3591926786794515e-37
0.0
0.0
0.0
1.6480047941367242e-37
1.3958334788189502e-31
8.041253796837947e-34
0.0
0.0
2.8125645350949545e-28
6.235971702378941e-36
4.0567358587838075e-31
8.251871332628163e-36
0.0
2.2081397353145217e-34
0.0
0.0
1.0225691479360313e-33
4.5079870399408865e-32
0.0
0.0
0.0
0.0
6.149255015632854e-28
0.0
2.0223093174021617e-35
0.0
1.5034198954107507e-26
0.0
0.0
1.5147819198089302e-38
0.0
0.0
0.0
1.1760247338733785e-30
1.10124004293893e-35
0.0
1.248914767289262e-37
0.0
5.490249106476821e-35
1.322156395722179e-27
1.2245397073905544e-36
3.062081979417412e-37
4.514743480708163e-35
1.2294355079132739e-36
0.0
0.0
0.0
0.0
0.0
0.0
0.0
0.0
9.18913597872824e-29
3.0153708766840095e-35
0.0
0.0
6.082591148232623e-22
0.0
2.0686340402221e-34
5.476689182926825e-37
1.2191125454614723e-24
1.2191125454614723e-24
0.0
1.298763300605236e-32
0.0
1.1429663136931355e-26
5.368119256160022e-29
7.834390668322226e-34
1.318766047420593e-35
1.3675246453461945e-25
2.9871186735225872e-33
6.425680878567311e-36
0.0
4.843945322827938e-35
1.943386270595817e-31
1.7088746691004481e-23
3.6405364552546045e-27
6.95571374943204e-38
1.6214587181609397e-12
1.0603637546166064e-24
4.420578666543521e-23
1.9002868289976354e-32
3.183418656105933e-29
0.0
0.0
0.0
0.0
0.0
2.8511302664535795e-35
3.179819850175785e-33
0.0
1.4649880400477657e-38
0.0
0.0
0.0
4.05245339180444e-30
3.880465268295244e-34
3.365526332539556e-16
2.658509591436414e-27
1.5549420073563086e-27
5.35624956559525e-31
0.0
1.3905370680283824e-28
3.5119873704113006e-33
0.0
0.0
0.0
0.0
0.0
0.0
0.0
6.359733828061712e-31
0.0
1.8633495037976562e-37
7.109969244904301e-38
8.540028976215473e-29
2.802123105901459e-28
4.2670071853145895e-37
8.054806085902257e-31
4.24062126126938e-30
0.0
2.527395458606939e-29
0.0
3.233268958418075e-35
2.3004276333303963e-31
8.633562257672266e-33
2.04437776021063e-34
0.0
6.509018721471433e-36
2.0649557992364398e-38
2.7970149963468427e-38
0.0
0.0
0.0
0.0
0.0
0.0
6.832456906414385e-30
6.445958727299048e-29
0.0
0.0
5.736894389001389e-37
4.469929326527223e-28
5.859488050139679e-38
2.7119078953462423e-33
3.371133570922078e-28
7.14146848685996e-32
4.2838245605485216e-36
0.0
0.0
2.9850772061545134e-27
2.5554136192612463e-36
2.0221880543692036e-33
2.2530361679837748e-30
1.9038645187920726e-24
5.723145225264604e-22
1.1504123870484108e-32
2.163147164839069e-38
0.0
3.263877442301608e-35
4.705649186823903e-15
0.0
0.0
5.088973284831835e-28
1.5269565119274121e-27
2.5016148640748744e-27
0.0
2.693547151130978e-32
2.3108329688579802e-23
2.2661281242825136e-16
0.0
0.0
1.0422317227692272e-27
4.960561548557083e-33
1.984527210354393e-26
3.131447911029515e-21
1.1218062324360513e-31
0.0
1.7807922489642026e-27
5.357967813912912e-38
0.0
0.0
1.2131962735615894e-26
1.2131962735615894e-26
3.5889996036255144e-31
9.235861204887297e-24
1.9483914032902058e-29
1.1218062324360513e-31
1.181313273334458e-21
1.4614133339158775e-19
1.005563727237222e-19
1.5705995136802784e-31
2.4999112526980595e-24
2.978493667394421e-33
4.460835855701805e-27
0.0
4.4759153226828154e-17
1.7431026495803913e-22
1.7431026495803913e-22
0.0
0.0
1.049913040643266e-35
2.8662788185307657e-34
1.7807922489642026e-27
1.0755117726550381e-36
0.0
6.902140955421572e-25
5.597912665637086e-36
5.597912665637086e-36
0.0
0.0
7.454340437773408e-30
1.9017774588077831e-28
2.073487560000184e-24
0.0
5.357967813912912e-38
0.0
0.0
0.0
0.0
3.0770804692446507e-38
0.0
8.433484097759745e-37
0.0
2.3078255204732963e-26
1.7814014575000637e-37
1.2131962735615894e-26
1.8620337155090239e-31
1.8620337155090239e-31
2.757749076417903e-19
5.693091703603039e-31
5.693091703603039e-31
0.0
9.412804993343046e-34
0.0
0.0
3.5889996036255144e-31
2.8216447226232628e-36
6.391530743364449e-28
6.391530743364449e-28
5.171384212338154e-27
5.325718332372433e-17
5.68560436751286e-16
9.324357675980307e-33
3.6996715952768264e-20
9.235861204887297e-24
3.089844280384861e-37
0.0
0.0
0.0
2.3145189894103135e-32
9.911954975861721e-33
3.9162263934458375e-28
5.10568073426991e-34
2.155347509294847e-30
2.0049144954916563e-32
4.876942120205654e-30
0.0
1.3434064025604118e-29
4.960561548557083e-33
6.941291234679172e-24
1.1044979616212236e-21
1.1044979616212236e-21
1.1414968724789918e-28
1.1414968724789918e-28
2.1395159604057692e-27
0.0
9.840017846055382e-29
0.0
0.0
6.674917717754471e-31
3.515871173899881e-35
4.3549170402365446e-23
1.0422317227692272e-27
1.0422317227692272e-27
1.15308328532076e-25
6.104748912559665e-37
3.3002566255833155e-30
1.958244559597829e-34
2.2117228488435377e-26
1.5679895635731477e-31
1.5679895635731477e-31
1.5679895635731477e-31
4.8666936980815356e-26
7.137998886713813e-35
2.1858538432703066e-35
1.2188123671314452e-28
3.085272865642828e-23
1.0392937166390645e-27
1.6092796842665436e-33
5.075624739618926e-32
5.075624739618926e-32
1.1954922750221185e-23
8.629667927539939e-35
3.4165943140689426e-32
2.80974328846767e-28
0.0
1.8305743658597473e-37
5.199747960408128e-28
2.556054438654176e-38
9.58186427538719e-23
3.6337886594632454e-37
1.3845889393212894e-26
1.3029774786142377e-38
1.3029774786142377e-38
2.4083357428697994e-24
1.4836888725216276e-37
0.0
1.0546351805162252e-17
0.0
0.0
2.730736226877857e-35
1.119633056119302e-26
2.5513805086518517e-29
1.4793996261256864e-29
1.969642582613524e-31
1.969642582613524e-31
1.6161570550817752e-26
1.980805125871334e-35
0.0
8.548664105294616e-37
1.4753547820379533e-27
5.4656971227196336e-27
9.106076074520606e-31
7.219902703247673e-29
3.824465459323085e-16
1.9418721761692912e-26
5.0182951034414984e-23
7.41408703100672e-26
4.589628639747034e-24
7.90672030509626e-33
1.6577919268456753e-06
2.7397054041347976e-23
5.506113850824938e-17
2.2111762851785353e-32
5.994401099936884e-28
9.228474782312437e-15
3.8929351981819894e-26
1.7250543678520534e-28
1.997735889244429e-34
2.476014792709178e-38
2.7322220382130846e-38
1.908100699665738e-08
8.167000463799765e-22
2.908697174194648e-26
2.9003178478222575e-28
0.0
2.4394979719677054e-30
3.1899343178490383e-29
3.286258145312057e-32
7.07159837916048e-35
0.0
2.8487196420766174e-33
1.2312323985392714e-37
8.736482132350176e-14
9.051133492637297e-27
0.0004892196739092469
2.3719303686033442e-31
8.378251862656663e-18
8.613519606454761e-20
5.200917084575985e-21
2.3807567896817477e-26
1.3869159486844916e-17
1.3461449938415287e-15
7.470522787278693e-27
3.2369358349852936e-34
0.0
2.2707666194749677e-31
2.679790405612077e-19
1.9218152439616175e-31
2.8165516401042843e-18
1.0639870851036903e-07
6.147429871816712e-07
6.628988802479142e-31
5.203978832221039e-19
3.372556989233999e-08
1.0593794193433257e-20
9.325180815899471e-32
0.0
1.7299860207028138e-14
1.976763257193065e-31
7.488493735886267e-28
7.800096538991947e-34
0.0
4.67696543193867e-35
3.242923562107626e-23
1.0787982081611404e-15
2.810340625796193e-31
3.0757386416181025e-33
5.9610251578839165e-33
2.486306583317822e-35
1.342805245146835e-24
7.928223428199021e-26
4.756168580991089e-19
1.0910190077226307e-23
9.827691403299168e-26
4.731059116450348e-16
3.0860912111822448e-34
2.7297347955162048e-21
6.070412621409608e-34
0.0
6.616027317377539e-24
6.673585764466085e-26
1.738000589308846e-28
3.2473703636155267e-29
1.145843344881259e-26
2.757224267862197e-31
2.514415942636233e-27
1.4892266545372319e-25
1.1163343588092963e-22
3.4119281433256055e-34
3.4017392246156167e-34
1.616185339770421e-29
6.561117959872034e-22
1.4597539483015598e-25
0.0
4.092065858715286e-30
1.0067737364704445e-32
1.257805202193871e-26
6.892434794277653e-21
2.0629780389505232e-32
0.0
3.725254813234646e-24
5.240008638661218e-21
3.754494885621964e-27
5.719772195070613e-26
3.6966603100308857e-31
0.0
1.1149342669337462e-37
1.230650881022838e-21
4.4817617586230525e-28
1.2465180971617952e-26
1.7751889724581267e-28
4.539566695675727e-32
4.3226964454242395e-36
9.79361557331091e-30
1.0556840868919731e-20
5.376550524863013e-26
4.300626602905975e-27
5.193141635440697e-15
1.14765555251429e-24
1.1099677406668438e-32
4.464780057675992e-22
1.2579427925272946e-21
1.2605751898135809e-21
3.726588530506342e-25
6.93842667007357e-33
2.8100250816736644e-19
4.0528717290671542e-22
4.817990628680491e-08
1.0403443836461007e-28
5.686218860861374e-21
1.070222075670807e-17
9.488085674265874e-25
6.765388758113584e-22
1.18915102378495e-32
2.096247972052847e-25
6.980123823318354e-28
2.5853190772046763e-21
3.4571687422866935e-26
5.188649066879867e-29
1.178945496912008e-28
4.205773025942643e-31
1.002374522330889e-32
1.7995005428602513e-30
0.0
1.7843700875404897e-26
6.2909180377758735e-31
3.2322643396198892e-31
1.701868156742165e-38
1.1700937807997245e-33
5.420950891833112e-19
3.1292554833562276e-18
1.0749055094617456e-27
2.151721903503153e-25
2.5249623558979382e-14
5.677489298250293e-06
2.253909959089351e-25
1.4606429643046437e-28
1.151240330527397e-20
0.0
3.2870782242439305e-29
6.7650167155334635e-25
2.1504250542259996e-14
2.085199921149188e-27
1.2712674685831091e-20
8.241515401976697e-30
1.490895795781372e-20
2.5946635112813685e-15
6.0587327867104856e-18
1.3446731644296197e-21
5.040153967070807e-20
2.6873206855159256e-22
6.565889980647247e-25
3.1066179927583976e-20
4.9308383669196696e-29
5.229394932488888e-25
1.0397360280212084e-23
5.279425484945564e-32
1.4170241880346157e-25
2.1591916579406802e-29
9.19221159857146e-31
3.027673299179597e-25
0.9973106384277344
3.1379811370410904e-26
1.847337085340695e-18
2.8258450859530305e-29
6.12744394914619e-24
3.781866451869992e-18
1.0235604244058997e-18
1.6605767867543253e-13
0.9892144799232483
0.0014278526650741696
0.11212309449911118
4.847938195346224e-20
5.501983400536771e-15
4.1378732712749204e-21
3.4076175214892146e-09
0.0015574240824207664
2.3657411588493456e-23
1.4140240849310355e-22
0.0
5.123422415317505e-24
7.482584702040337e-20
1.2351457094865915e-23
3.2220651927789e-12
0.994541347026825
1.7193093526657321e-06
1.1437092810547732e-16
2.0988255750606565e-24
4.705005446644213e-28
1.3258321872741638e-21
4.8293671828008415e-21
2.5573750743433023e-20
3.598101992218682e-16
1.8724945687499708e-19
1.7711491749614126e-15
4.333387761037283e-13
1.168630870946051e-25
1.2951099882200362e-13
3.5741344008827333e-16
7.89635823394974e-09
5.444656281383686e-09
2.2989141010129998e-35
0.9999276399612427
0.9432497620582581
7.493355980159322e-08
3.250461011461425e-11
2.5621258247641307e-31
8.21393708686395e-20
8.015735835979231e-28
1.62378566505078e-15
4.857880565618822e-27
6.070713670702704e-19
1.459174621286791e-18
9.688432955698766e-27
4.7401034013577314e-26
2.528427993820173e-21
1.3835773415848962e-08
3.6567661254593986e-07
2.0104135912447918e-13
4.312681058613205e-29
0.003717499552294612
2.0134931916215848e-11
0.47850334644317627
1.9408837100357411e-22
2.2065408867273068e-18
0.9912813305854797
1.2011298631703932e-21
2.997689682248278e-25
5.328438246188227e-10
3.912429513258089e-15
2.7789441738644412e-24
2.0412358516401858e-28
2.346852277011015e-19
6.903311304530177e-26
0.6816262006759644
2.421543158277875e-34
6.203457747488983e-09
0.010251677595078945
9.350750729275603e-11
4.922953421490462e-18
6.8844171402031235e-22
1.726301173490556e-25
2.2044743334417006e-30
1.4676249295093733e-35
2.6856996683943237e-31
6.750486017789173e-30
0.0
1.4369139170340984e-33
2.89451670608852e-27
9.014525753292125e-30
3.339260844697272e-30
5.393649917489094e-38
0.0
0.0
4.0130313361705175e-27
0.0
4.4865276264952976e-31
1.2916781553424485e-32
1.5910409872695818e-25
1.0336069574408757e-22
1.452877516027349e-31
1.0220507772541882e-25
2.025001652299013e-22
5.641298066448665e-22
1.9566463923759396e-34
5.2579245407212264e-23
1.7010966267927138e-22
6.772264030525738e-20
7.022692291767281e-29
1.0454192975267827e-23
2.7367778821509545e-25
8.21750432178488e-29
4.996891027988711e-34
3.5344815598965242e-28
2.9061631987199356e-37
4.391408392322578e-27
3.858095597571972e-23
2.4038954854477268e-11
5.660830515051501e-29
3.1210082646493396e-24
8.544611615039245e-17
3.787590807069046e-22
4.312271738314712e-28
1.7248065343813888e-33
2.6946267760098934e-24
4.840261148126663e-31
1.5335114452701476e-35
1.3284314004875481e-33
1.7196873066536566e-27
8.888983287643514e-26
1.664256616182462e-26
7.875851571887875e-29
2.5255450612275583e-29
7.289959151272612e-26
0.0
1.754882774167501e-35
1.794175572258936e-29
2.1902201045379532e-34
0.0
1.6553710502208852e-36
2.9657340779965407e-36
6.986135137241728e-23
0.0
1.2863782809761701e-23
5.444050247923704e-29
2.0117598549532037e-28
2.5114365585870557e-18
1.745197442843631e-26
0.0
5.342368725859885e-33
2.4520323134135876e-34
8.866502920208614e-32
1.3375119314652756e-27
5.361326490913757e-36
8.265862135646634e-28
1.758397784211433e-31
7.202746125747562e-34
4.160884078822953e-23
1.4261249102947248e-31
1.62458440806104e-23
8.662031061044005e-18
3.290084822465359e-24
1.1055847068073593e-26
0.0
0.0
4.662077970409178e-26
3.0466230419775783e-28
0.0
3.307725490778831e-18
3.632094284632571e-24
0.0
7.868456377059621e-31
4.787808327366347e-33
6.04501213146295e-28
1.1493794630001257e-28
6.743470366576911e-27
4.990385520159141e-23
3.258350346016049e-30
1.7023240611659092e-29
8.407957632129513e-27
1.6229617211790003e-23
9.672047051287283e-25
1.630977047485236e-27
8.462651731434178e-29
9.08950495047729e-27
7.905739401552219e-37
3.0932021010316568e-24
3.013518310788466e-36
3.1435577743249168e-30
9.186936975991863e-27
4.553982664520624e-31
3.1080374981013336e-22
5.616038834926797e-25
1.284381214800229e-14
1.2088798719504808e-36
1.7778726354650088e-28
2.5771097337046273e-34
2.9571031556535204e-36
4.5548374772109756e-37
5.514428061433989e-28
0.0
6.508372098265562e-29
1.7287131157082692e-25
7.004715161280465e-36
5.0767955640468485e-21
1.8513567813825954e-27
6.891058149956508e-24
1.170027647786358e-24
8.423487344161956e-29
2.253758766918319e-37
6.901644448734408e-21
6.841294366983415e-31
3.6837094185701363e-31
1.5236805050920094e-27
0.0
0.0
3.825474272378174e-30
3.098234190602405e-38
7.125489664402599e-26
3.180123873860985e-25
2.827416359665148e-16
6.84879003602168e-23
1.9748379723599775e-27
7.086633767774044e-29
3.668139730626738e-26
1.859208286238869e-24
2.0612510856931412e-21
4.383853273086566e-30
5.297437937127919e-18
0.0
3.7169866056969995e-35
0.0
4.504686545677365e-32
1.2120567164625946e-36
3.3452100686265576e-33
6.079270632558626e-32
1.8392453469251128e-31
3.180516523460102e-22
3.077099884578381e-18
3.412244103350137e-32
1.574811914106431e-15
2.4029067689879104e-21
3.1261247533717307e-21
8.046337297977464e-29
0.0
2.4409103460626337e-32
2.1575969220602692e-34
1.7727786514777488e-37
2.7374028078993093e-26
5.476393210440689e-12
2.6271286815155627e-25
1.9048680995556583e-38
2.0185920011529513e-30
6.388745216719102e-30
9.328629275189025e-25
0.0
1.3861963666751936e-25
6.030258983348266e-32
9.833608323297164e-35
5.255066638793757e-27
1.5923512427451055e-19
5.862302671305524e-24
2.9020459366131076e-27
1.747930013878486e-25
2.427951726185705e-35
1.1648619436789793e-16
2.6599295795844106e-27
1.5810113604167952e-23
1.0022521974500066e-32
0.0
0.0
9.626081861482563e-31
1.7879098722955282e-37
7.811773763761973e-18
3.21773999160644e-28
6.19957930553054e-31
1.9897804098010024e-34
1.0635609575505473e-30
1.865707241477388e-11
1.4664183453084945e-17
3.08263133562756e-27
2.3798015303719016e-20
1.7445939540497268e-31
1.4081400661023006e-23
0.0
0.0
4.330090637794585e-36
2.7302597498854783e-33
0.0
1.2982029204076799e-33
2.600587999923036e-31
0.0
7.184712733750128e-35
6.474059932737711e-34
4.100490523284126e-29
8.604880694862203e-28
2.772892737417332e-35
3.570474060920962e-28
0.0
9.172147306246849e-37
0.0
4.740902723222279e-32
7.348065742223729e-17
2.850440964844292e-23
5.508451539704691e-30
1.4044865584610025e-38
2.4228360478506756e-27
1.1933541414942268e-25
2.295936061591814e-26
8.822765193923614e-27
6.746403943068202e-27
9.441901442791161e-26
7.22017988935227e-36
0.0
8.749032121560715e-27
8.717089947505821e-33
3.1449594824701284e-16
3.830309334549886e-29
5.998021308971948e-26
3.462901738525236e-31
4.3507238926193755e-27
1.322715978206126e-35
0.0
1.1760136537576672e-26
5.606838630117103e-31
0.0
1.404804357056403e-28
1.814862258623838e-35
5.435127775603223e-29
5.8059257119989665e-18
3.018468392182433e-19
3.5775455277277803e-38
8.838698797539518e-27
0.0
2.572207210536603e-35
2.9649951567273355e-16
3.268160294697334e-37
4.10294995909055e-35
0.0
2.3795116759727014e-27
0.0
1.501488981731707e-35
2.8956379615480246e-23
1.0592678611635123e-32
2.638776898412211e-27
