0.3714607059955597
6.004107035550987e-06
0.25193092226982117
0.9625124931335449
0.039013106375932693
0.05962727963924408
0.5472317337989807
0.999815046787262
0.9955118298530579
0.9995810389518738
0.9877482652664185
0.9992800354957581
0.9994567036628723
0.9990056157112122
0.09113737940788269
0.9889582395553589
0.9999837875366211
0.9999899864196777
0.7779786586761475
0.932770848274231
0.9999573230743408
4.836169864574913e-07
0.9882310032844543
0.2704024910926819
0.00039223505882546306
0.99355548620224
0.0002753754670266062
0.014997544698417187
0.9690268635749817
0.9999247789382935
0.9999996423721313
0.003327127080410719
0.9821017980575562
1.0
1.0
1.0
0.9814225435256958
0.9999942779541016
0.999993085861206
0.005212835967540741
0.9999945163726807
0.9999983310699463
0.8979493975639343
0.006264818366616964
0.0002547357289586216
0.005624197889119387
0.47437959909439087
0.9954310655593872
0.3707590699195862
0.0009548426605761051
0.9992427825927734
0.9787912368774414
0.05149468779563904
0.021819058805704117
0.9461746215820312
0.028796033933758736
0.9952338337898254
0.9850780963897705
0.1515720784664154
0.9988023042678833
0.8983716368675232
0.002239890629425645
0.9351792335510254
0.9878308176994324
0.9991787075996399
0.9885236620903015
0.9551196694374084
0.9998181462287903
0.9996539354324341
0.10207878798246384
0.999940037727356
1.0
0.9999991655349731
0.9947863817214966
0.001069135032594204
0.9920478463172913
0.10010241717100143
0.9969210624694824
0.3479077219963074
0.9999397993087769
0.9999995231628418
0.998999297618866
0.999998927116394
0.9999995231628418
0.9998757839202881
0.9999895095825195
0.9999784231185913
0.6605193614959717
0.005702972412109375
0.03629765287041664
0.9887209534645081
1.964171497093048e-05
2.981826401082799e-05
0.0002741662028711289
1.924088610394392e-05
0.9938777089118958
0.43702366948127747
0.9875652194023132
0.9996104836463928
0.18615910410881042
0.007292038295418024
4.557411011774093e-05
0.020297838374972343
0.0004063783853780478
3.128187745460309e-05
0.014414452016353607
0.9999607801437378
0.9999021291732788
0.9722734093666077
0.001451633288525045
0.9910832643508911
0.9999005794525146
0.9580958485603333
0.9423647522926331
0.21818596124649048
0.9922845363616943
0.5803053379058838
0.9998648166656494
0.997548520565033
0.05340173840522766
0.9998973608016968
0.9998493194580078
0.013737359084188938
0.4853346049785614
0.0032160396222025156
7.91528364061378e-05
0.5402271151542664
0.06111014261841774
0.10580600053071976
5.279798278934322e-05
0.21418598294258118
0.9999628067016602
0.9999769926071167
0.9998356103897095
1.0
0.999431312084198
0.0009951840620487928
0.4095412790775299
0.001533397939056158
0.000755410292185843
0.9998880624771118
0.9998319149017334
0.989173173904419
0.9973158240318298
0.9989946484565735
0.8475119471549988
0.9944879412651062
0.24139612913131714
0.9915506839752197
8.226094905694481e-06
5.13001441504457e-06
1.3815157728913618e-07
6.213221695361426e-06
0.7838858366012573
0.9725366234779358
0.11286819726228714
0.9892890453338623
0.9770490527153015
0.9507424831390381
0.9517679810523987
0.9999884366989136
0.999703586101532
0.9911113381385803
0.9999986886978149
0.9084693789482117
0.998492956161499
0.015097027644515038
0.8981431722640991
0.9656152725219727
0.0027929632924497128
0.9994542002677917
0.9136273264884949
0.9544097781181335
0.450851708650589
0.9999135732650757
0.022968845441937447
0.2885254919528961
0.001574114547111094
0.014758522622287273
0.004135287366807461
0.007194748613983393
0.942176878452301
0.683051347732544
0.7533315420150757
0.461120069026947
0.22387602925300598
0.99222731590271
0.96270751953125
0.9990310668945312
0.9284518361091614
0.9877353310585022
0.03385212644934654
0.5329481363296509
0.9787561893463135
0.0015072497772052884
0.2489338219165802
0.9999960660934448
0.9999450445175171
0.0242213886231184
0.8664265871047974
0.9998577833175659
0.9954250454902649
4.862973219132982e-05
0.9999971389770508
0.999997615814209
0.7222857475280762
0.9940762519836426
0.9999376535415649
0.9957510232925415
0.999843955039978
0.9982336759567261
0.9999997615814209
0.9989823698997498
0.9997280240058899
0.9999678134918213
0.9999998807907104
1.0
0.9873098731040955
0.9985491633415222
1.8036109395325184e-05
0.9192066192626953
0.7953346967697144
0.4225294888019562
0.9764813780784607
0.999990701675415
0.5536255240440369
0.9590467214584351
0.9568676352500916
0.13330872356891632
0.5651019811630249
0.00016631274775136262
0.0251088235527277
0.9271467924118042
0.9999994039535522
1.0
0.9395222663879395
0.9999998807907104
0.9990478157997131
0.02198062837123871
0.9490819573402405
0.9996252059936523
0.9959709048271179
0.9635915756225586
0.9909346699714661
0.4844375550746918
0.9999991655349731
0.9947919249534607
0.9905291199684143
0.824013888835907
0.8098758459091187
0.02473575435578823
0.273995041847229
0.9980483055114746
0.8341789841651917
0.9999674558639526
0.9995421171188354
1.0
0.9999974966049194
0.5937970876693726
0.9630372524261475
0.9999669790267944
0.9998371601104736
0.9988383650779724
0.015474257059395313
0.9963470101356506
0.9849143624305725
0.9965291619300842
0.9996209144592285
0.9999995231628418
0.9988038539886475
0.998701810836792
0.7918233275413513
0.0008944557630456984
4.350753783910477e-07
0.9998916387557983
0.9932053089141846
0.9851834177970886
0.9907888770103455
0.06972277164459229
2.0243793187546544e-05
0.9964510202407837
0.9998350143432617
0.0003774606448132545
0.9992885589599609
0.0011668113293126225
0.6803273558616638
0.1698589026927948
0.5481876730918884
0.9998630285263062
0.00402238080278039
0.00016121219960041344
0.7135697603225708
0.44789919257164
0.9989797472953796
0.4774945080280304
0.1205468699336052
0.9999996423721313
8.9557306637289e-06
1.1588992521183172e-07
0.002286236733198166
0.21438822150230408
0.9999988079071045
0.9999980926513672
0.999492883682251
4.9825739552034065e-05
1.0
0.0002212667604908347
0.00047319280565716326
0.9999984502792358
0.999921441078186
0.3151797354221344
3.198199749476771e-07
1.2900924048153684e-05
0.002140268450602889
0.87186598777771
0.01848423480987549
0.004195496905595064
0.060111671686172485
0.9744030833244324
0.9497595429420471
0.9957335591316223
0.9988217949867249
0.9846596717834473
0.9996033310890198
1.6828307991545444e-07
1.8895583764333423e-07
0.01760750636458397
0.0017058580415323377
0.9761154055595398
0.9684789180755615
0.0034278607927262783
0.9977763295173645
0.9977311491966248
0.9997904896736145
0.9999889135360718
0.9961206316947937
0.7499099373817444
0.912385106086731
0.08818060904741287
0.9362918734550476
0.9989983439445496
0.10303790867328644
0.9708861708641052
0.8400400280952454
0.9963555335998535
0.34467872977256775
0.0001077323904610239
0.5059581995010376
0.0797874704003334
0.0001354608393739909
4.860420631302986e-06
0.0020823494996875525
0.02225666306912899
0.0006477583665400743
6.814519792897045e-08
0.9757642149925232
5.354880094898817e-09
8.583846465626266e-06
0.00093974603805691
0.24028287827968597
9.215904150927656e-10
9.911416418617591e-05
2.0197871890559327e-06
1.5693041177655687e-06
3.5982202462037094e-07
1.7176948858832475e-06
0.9996898174285889
0.8352651596069336
0.8923397660255432
0.9892675280570984
0.983113169670105
3.317038863315247e-05
1.9021779280592455e-06
0.23295339941978455
0.9443367719650269
0.999639630317688
0.9976630210876465
0.29504841566085815
0.9609620571136475
0.9903637766838074
0.9557190537452698
0.958210825920105
0.9998180270195007
0.9991132616996765
0.027316808700561523
0.0007414821884594858
0.9973809123039246
0.14578914642333984
0.000494763080496341
0.7844330668449402
0.6672173142433167
0.9960504174232483
0.04691586643457413
0.08685436844825745
0.9988090991973877
0.9999339580535889
0.9999328851699829
0.9980248212814331
0.9998703002929688
0.15478964149951935
0.8302311301231384
0.5625017285346985
0.4619078040122986
0.9998863935470581
0.9808736443519592
0.999998927116394
1.0
0.9999887943267822
0.7552005052566528
0.002306639216840267
0.575827419757843
0.99261474609375
0.3352626860141754
0.016335761174559593
0.9999991655349731
0.6967200636863708
0.20427678525447845
0.16225959360599518
2.8233564080437645e-05
4.645132776204264e-06
0.6794525384902954
8.606259507359937e-05
1.0233773082291009e-06
0.13393178582191467
0.9998476505279541
7.3082628659904e-07
0.009466579183936119
6.623619992751628e-05
0.12540313601493835
0.0033107369672507048
0.9994258880615234
0.9999361038208008
0.9999970197677612
1.175978980860748e-09
0.8295458555221558
0.07978391647338867
0.8482198119163513
0.9966287016868591
0.9997120499610901
0.005226941779255867
0.8942750692367554
0.9971997737884521
0.9587782621383667
3.6448070659389487e-06
0.9443460702896118
0.05893682688474655
0.9993247985839844
6.362428393913433e-05
0.9967231154441833
0.9980185031890869
0.9993591904640198
6.719340490235481e-06
4.451372888070182e-07
0.0536443330347538
0.23997105658054352
0.9999850988388062
0.9999430179595947
0.33549076318740845
0.48456618189811707
0.0002618430880829692
0.02333478443324566
0.006397541146725416
5.4252136578725185e-06
0.7884954810142517
2.8226863832969684e-06
0.08842635154724121
0.9902750253677368
0.009288114495575428
0.0003625938843470067
3.86272358809947e-06
1.4661846847729976e-08
0.0007639465038664639
0.0016654877690598369
0.22742585837841034
0.010945625603199005
0.038239117711782455
1.3564620537920291e-08
0.0064201559871435165
0.9874944090843201
0.9957326054573059
0.8682933449745178
0.9442538619041443
0.9961029291152954
0.9629207253456116
0.08417297154664993
0.0002616893616504967
0.02907063066959381
0.22656981647014618
0.8176213502883911
0.0007194527424871922
0.0003675075713545084
0.9936929941177368
0.11753952503204346
0.9999994039535522
0.9999594688415527
0.42051565647125244
0.7248619794845581
0.9999624490737915
0.9979495406150818
0.897472083568573
0.9963919520378113
0.9937157034873962
0.9999998807907104
0.9999994039535522
0.6435744166374207
0.9999887943267822
0.9953215718269348
0.9927754402160645
0.02871119976043701
0.880373477935791
0.9999756813049316
0.9999978542327881
0.004844069480895996
0.02440107986330986
0.3513723313808441
0.9805850386619568
0.9999986886978149
0.9973053932189941
0.5312599539756775
0.8625519275665283
0.9999812841415405
0.2869281470775604
6.105694865254918e-07
0.015941137447953224
0.02968480996787548
4.256405929936591e-07
0.010488571599125862
0.059513743966817856
0.0035185886081308126
0.00462543498724699
0.00013067194959148765
0.00075654307147488
0.0016941974172368646
0.7753136157989502
1.2631858226086479e-05
5.14214661961887e-06
0.07398591935634613
0.8749496936798096
0.0002613539691083133
0.16413722932338715
0.6784669160842896
0.7648273706436157
0.005041951779276133
0.30480438470840454
0.9525094628334045
0.12497488409280777
7.618055406055646e-06
0.9512768983840942
0.017506513744592667
0.005360870156437159
0.9879236817359924
0.9998831748962402
0.053090762346982956
0.0037919513415545225
0.9999734163284302
0.020560625940561295
6.6723398049362e-05
0.9956246018409729
1.4626154154484539e-07
0.11860731989145279
0.00020860305812675506
6.789871986256912e-05
4.9731767148841755e-08
4.314502348279348e-06
0.7498916983604431
0.017585070803761482
0.09494519978761673
0.0009159449255093932
0.9515267014503479
0.9947502017021179
0.28119757771492004
0.016561662778258324
0.9999991655349731
0.9999945163726807
0.9998632669448853
0.9068589806556702
0.2020081877708435
0.9190513491630554
0.9975926280021667
0.9986910223960876
0.999981164932251
0.999962329864502
1.0
0.9893338084220886
0.028711028397083282
0.00024240126367658377
0.003533887444064021
7.793775148456916e-05
0.8614429235458374
0.004718348849564791
0.9998975992202759
0.2561914026737213
0.9822340607643127
0.8607214093208313
0.00020273069094400853
2.811119088619307e-07
5.105912805447588e-06
0.00011702955089276657
0.7675268054008484
0.08770885318517685
