1.6002452684002808e-24
2.727210725003854e-25
5.0158647807646935e-23
8.838261226256154e-27
4.063969319115159e-16
4.523443506023557e-15
7.828815835050158e-16
2.701983144458992e-19
5.758553972747482e-23
1.1838355279678911e-20
2.392615630406308e-22
5.76668405212278e-24
1.5181412171220293e-14
4.525580233991235e-24
3.685918627071817e-22
2.246887707358161e-14
9.408487188703817e-21
1.1632730369248723e-11
6.703109709893683e-17
1.8117675324624162e-23
4.079339676996938e-19
1.2940270565969716e-15
1.772901295984376e-21
2.912054472530036e-23
2.5845597512517467e-21
8.371324555898777e-17
1.0500874573136945e-16
7.23195043046519e-21
2.8096388063336697e-12
2.8422002080287284e-15
4.844797364710966e-19
1.240068973361729e-17
6.890463777974304e-21
4.205335362611921e-18
1.8284576326979551e-13
3.7143682227180896e-14
8.367588346507997e-17
6.729605297530492e-16
1.6128012147358442e-14
9.69902326855565e-13
2.4294925315899494e-18
1.3238043666747516e-23
3.4108300814290218e-22
2.0617297538686549e-22
2.3214377585354984e-21
6.603198653284351e-15
5.584486897758622e-17
5.397451104220787e-18
4.0583238610653213e-19
1.9892266845343662e-19
2.316860897960514e-16
1.2765433436535772e-15
7.615259638457138e-17
1.406345404172081e-14
5.022422510535423e-19
2.2453724626387902e-24
8.933469836216004e-21
3.511739401376466e-22
2.8747292979184503e-21
1.2660352684809628e-21
4.7899206034429355e-21
7.16481027348226e-29
1.2169577955646883e-22
5.557562548175026e-24
1.8488346233402497e-22
3.5652178598632087e-22
1.3216762913206167e-21
5.4440895456248865e-15
8.250557923545321e-19
1.0779508575765309e-15
2.2251032058009067e-14
5.334446824914154e-18
6.024834444621377e-24
2.5721249999116203e-23
4.306975564889112e-22
1.2046806448920487e-15
2.6405350040563987e-15
2.4474922143222916e-14
4.936012493405878e-22
5.622912725254645e-20
7.709869765186386e-19
9.732422481225327e-23
5.167386027995925e-25
4.294394180083923e-21
1.4270260141353704e-19
8.516835763779237e-21
3.504279113957916e-18
1.9089091272660864e-19
4.520181264506325e-16
9.091796470608687e-19
7.313975974819194e-17
7.776452279426721e-14
2.6571150916637504e-16
6.454456198551007e-19
1.2091313431174495e-17
2.3705791774002743e-19
1.164130595397747e-21
7.730027184332797e-23
1.6092340394369911e-21
8.341858175694188e-27
2.287327635452517e-24
3.9355254508630354e-23
2.4182807466411306e-22
9.883820873152446e-19
5.718171468026985e-29
4.019514401549314e-26
1.1974336723997309e-13
5.729869250545186e-16
1.233075044273695e-22
4.861322890464063e-22
1.824058620241016e-20
5.407958128172893e-27
3.1840082742621e-25
1.1637501792809848e-26
3.959565604509879e-20
2.694929192148797e-21
8.78125729439631e-21
3.623108468637257e-19
9.736883142545554e-22
1.1840538412002204e-25
1.1257651063653244e-20
1.7995398598513597e-17
4.774692256833448e-19
8.73419491806859e-19
1.3159086969514083e-17
9.52498822003045e-13
5.017233503155301e-19
1.2922217117490174e-15
2.752264155513398e-16
2.972309956167442e-24
2.538368153124741e-17
9.728396737981029e-19
2.8229179839900104e-19
1.3574561179635687e-19
1.2008201631947617e-18
5.374975614360986e-17
8.706214241379277e-20
5.009055859134801e-16
2.7886889917486247e-19
6.090898118419916e-18
1.475722472838491e-17
2.2816809726830826e-16
1.4964265322554523e-15
5.011943117472217e-12
2.7022219572093824e-14
3.6462812924329554e-17
1.0081748668322107e-13
4.8107212522385465e-14
6.361374081208298e-19
9.102799721920593e-26
3.603601029477328e-21
2.226428583399766e-17
1.134828307848392e-20
5.08979326950057e-19
2.8690888793372476e-20
1.6789991873918594e-19
2.1253923507226144e-14
6.819668961488556e-12
4.0338801634946797e-13
2.418307863531234e-15
8.273141893777591e-11
2.9281950162404844e-16
4.521156746195e-19
4.576640912689566e-23
5.928373009921007e-17
4.960502871807001e-19
2.108711269656426e-18
2.344790464710741e-22
1.0505476675192945e-17
2.1605171976826505e-15
6.8674736701364245e-22
1.6258800069524255e-16
1.1011501116701125e-23
8.208384737976383e-22
7.204882075830386e-21
1.525114019448881e-12
5.650525048077431e-19
6.023599498651472e-22
3.146219443979169e-16
6.106738420355154e-19
1.3735816728099275e-21
6.1316016084121194e-18
1.6476830320614452e-16
6.1427689602718916e-18
6.058481902830698e-17
1.2168242216788194e-13
1.2071008086047674e-14
3.6417014694610506e-13
5.4975806079802375e-14
1.0570322672133427e-16
4.062957855897019e-14
2.6972269076356005e-18
1.7964552371727005e-15
5.6941546027749496e-24
2.681615580340495e-23
1.151713239480514e-15
3.852516361578453e-18
1.4789678125742662e-18
9.667392167805243e-19
6.988132458526713e-16
2.169356604339468e-20
3.0521694852693677e-22
1.6781137890969366e-21
4.4999986581262755e-24
2.9450299945905106e-17
1.1187330753107143e-17
4.7253617610888785e-15
3.1339385663941965e-18
2.5063776907055264e-15
1.4061641602971923e-16
8.380673433899912e-20
1.028046029381835e-12
3.6278358789276766e-13
2.265974040349672e-11
4.0391887751178857e-11
1.9371542918543362e-16
1.2549688950175854e-17
2.340695346305066e-16
7.9715035422068735e-25
1.9687325403958136e-17
1.485573763800079e-16
6.797497677582531e-13
1.8069216527250075e-16
1.125657455702117e-13
1.4191188674809568e-16
3.0810647273522146e-14
5.102806524528091e-16
2.1988666313102478e-13
2.369226592342143e-16
1.657431971571445e-20
1.7919677283243666e-20
4.420657093504374e-18
1.0372260846666065e-20
1.0702439297987465e-22
3.534759280236229e-16
1.2306874151089527e-15
5.9618662146677695e-18
2.0680433484305626e-18
4.585454195168981e-13
6.279546583279985e-18
9.734479875904532e-20
2.4100147546097985e-19
5.3805503567402565e-19
4.775446819260025e-16
1.0314579054548556e-19
1.9128390365069317e-18
2.438083965267254e-15
5.24649663991017e-11
1.0719971900452225e-14
1.3991257154580272e-12
1.2084454945843572e-15
2.0903640146965885e-13
2.3000920490608666e-14
3.559264358165942e-23
9.591999514668714e-07
5.069915360622948e-25
7.5830917933839e-11
1.7287044057766855e-20
3.523405028985002e-19
3.9971018251064953e-17
3.3231612553502968e-22
4.83660630382093e-16
5.977795583921698e-22
4.0798593925078536e-16
9.655045463187123e-19
3.6005431024749645e-25
1.5186983500448691e-24
4.31046959944343e-25
4.428822581071797e-20
2.4075563088523958e-23
4.21477978556399e-25
3.2620091618743474e-21
7.003237173558625e-16
1.2890735103141161e-18
8.258457498395202e-20
3.154148085294031e-14
8.851475759945077e-22
2.0138586756101234e-18
8.89814331860781e-26
9.483897848378327e-23
1.9846531209365134e-22
2.2761845312205964e-18
5.002934716915042e-20
1.693648333735384e-17
2.794656508159407e-24
3.906491661904648e-24
3.727770045772183e-13
1.4478967748062302e-14
3.283301204754886e-17
5.318316720251309e-17
3.900012989633186e-17
8.114227708445919e-25
2.4383254868824213e-30
3.6664015018147306e-28
1.920603438458643e-26
1.980748480336723e-24
9.842906048207258e-22
2.7598636500232146e-25
4.157864950366491e-25
5.14915892346425e-20
1.9985897228336129e-19
2.5236018715441304e-20
1.246661168573955e-18
2.3373740348276752e-14
1.437225668076032e-19
2.5488433202479287e-20
2.6461295797091686e-24
5.0195090253216466e-20
1.0203641778394795e-17
2.0162472501017497e-20
2.5821287891045705e-26
6.624789692516453e-13
1.5688658080088778e-20
3.565682391651301e-21
1.5887820189864567e-21
9.961651694659757e-25
1.4004609795162592e-19
5.70834910879795e-19
5.7556562157122775e-15
6.11408119925521e-19
1.8671325927338854e-17
4.433040367777375e-16
4.469117269182213e-14
1.7947418483390827e-16
2.513921789650247e-16
4.3741005012910145e-14
4.74914722315132e-21
1.0135356803907018e-19
3.705363631866957e-20
2.4237563564020145e-23
2.369165130722367e-22
5.6074962499857646e-18
7.662363037773361e-21
6.738975103201125e-18
2.193229166064719e-20
1.400793251650177e-25
3.6157615538341377e-20
5.186125896457883e-18
3.929906659026809e-27
3.065872239006772e-20
7.222528035494644e-19
1.2035665320754084e-19
6.958660058545966e-23
4.83274198276483e-20
5.403128413118605e-21
3.809209382404447e-22
3.1018868679524612e-24
9.345016722036177e-17
1.7681314083285824e-15
1.0590941803262536e-17
5.565877980954139e-17
2.079464528416115e-20
6.76378175378634e-24
1.1107993320450311e-22
1.8339810394295018e-19
1.489251627901339e-22
1.0041683769414216e-19
2.825441846455759e-17
3.4769155657043555e-18
2.9356023996912156e-21
1.8152328988221443e-16
7.422363369541038e-15
8.557694050747803e-24
1.3569486943565557e-19
2.7980465758257074e-18
2.946973000490367e-18
5.714346312995567e-17
2.3908529316723213e-16
8.715651208945771e-20
5.682164544948871e-21
4.2175633254531083e-17
2.492587676686871e-17
1.7640781707494048e-20
1.5219730360184747e-19
5.795058316508821e-19
5.0817265805263695e-25
6.113834836353679e-23
3.3456769864159873e-21
8.835098751886025e-18
2.36473566336047e-19
9.162971443321007e-25
2.79645742830222e-25
5.953745200293356e-28
4.1658341796400634e-18
5.692709758448045e-13
1.1753616370382015e-14
3.777844194158969e-14
1.0170784408320974e-21
5.013201886888264e-17
1.0139601018619576e-13
2.0123697918665585e-17
1.1820542268305008e-18
1.9037024130509772e-19
4.1180660114546834e-20
3.236616495830404e-18
6.813840077156972e-17
7.924480265508651e-17
8.097992951016471e-25
3.1012261575012933e-23
5.425540968750957e-20
1.4384681417057602e-30
6.781417349457162e-27
4.505890660227371e-24
9.35218170359053e-25
2.920622069940588e-22
4.335469587606016e-25
2.416664733522349e-24
1.8766615718650633e-21
1.990778846746608e-23
1.740594937314557e-28
1.235085188077943e-22
3.7573807791693194e-24
2.2330698563471258e-26
1.1227358133686816e-30
2.68593733903253e-22
7.477363770658449e-20
5.127306427267733e-19
1.850517941020155e-33
6.504804505636579e-27
2.6958957171516484e-21
1.056705412168644e-24
1.0143603770106515e-32
4.996123643896621e-21
1.693538484150037e-17
2.4365716466697548e-20
8.374613782623975e-32
4.900127187099917e-28
4.320118255782802e-24
7.911557962576084e-23
4.90934722776098e-22
1.6129855474685763e-18
8.523627692090121e-21
9.00677843366018e-18
2.749748283658199e-29
3.1258299733432806e-19
2.0359517831927315e-24
5.198743295931461e-18
2.203775038245581e-24
1.1610756596265137e-27
1.0509859418361291e-22
1.1037364710339702e-23
3.515858684002775e-27
3.4445727290420935e-25
1.3838933612181108e-24
3.472241325178667e-23
5.196883114963949e-24
9.718514926575153e-22
1.929552133339912e-22
2.9355211911941885e-23
1.3707537389933422e-23
2.8735168805538206e-18
1.739525689178855e-21
6.332277205213162e-25
1.6372422053413876e-19
2.8683805025401725e-18
1.713110536617123e-23
3.904086486634387e-27
2.3623347312428565e-21
1.2603422602767299e-17
1.5620739117625215e-30
1.5595225121844072e-19
7.891122678598514e-23
4.7974654837106355e-24
3.534330610653568e-22
1.2131889494811225e-23
4.8698406296939185e-30
2.6883152813452283e-22
3.2944020856363107e-26
4.391188044243265e-21
1.43735994734823e-23
1.0974106837874242e-21
2.4843986500956866e-22
4.898560485611733e-19
1.4138406905477897e-22
3.238090369113518e-23
1.9263224421306286e-23
1.9410529995860016e-23
1.3896405079466244e-21
3.1488603794147516e-24
3.3178137607141095e-16
1.9793368926329204e-23
2.4303549707982007e-25
3.1913910262588372e-24
4.986002368550173e-18
5.4193454401103475e-24
6.474389708427822e-24
5.425563053794537e-27
7.568660381080251e-25
1.0109343219411367e-24
4.5199303863134045e-20
2.084372359011454e-20
1.2104032929292586e-20
1.1301529299493613e-22
7.70452235271896e-18
9.052779936312016e-22
3.5478295062655916e-27
2.397260405046055e-19
9.486998138277841e-18
1.791807616066333e-23
7.914370093931015e-22
7.336903817444257e-21
1.8145055108922573e-24
2.1516764686490936e-29
2.2518831289048055e-24
6.3450874119350115e-19
5.012531153186843e-25
7.861381865165213e-22
4.475918487171782e-28
1.2266931043301936e-24
1.1262532686245341e-30
4.051781585911973e-26
2.2419155212272556e-31
4.735817436859492e-27
2.3184671308252113e-26
1.1031409895977888e-19
5.899986852570771e-26
7.515871078310139e-31
3.8094441978969385e-21
2.3042998625738757e-17
4.506993330000689e-23
1.3826919127705426e-29
4.6900877094442144e-24
3.3808735668001776e-26
2.0078923952244727e-24
2.9885523541461657e-27
2.868944087916325e-29
1.1111107390781907e-26
1.5339982703237757e-26
1.528495137359983e-27
3.909510514575337e-20
2.75173941122126e-31
2.9482465667493517e-31
2.483030418187235e-25
2.191557647304251e-19
4.232331905206417e-22
1.5413479271403485e-26
3.351475603979717e-29
3.6992951757808595e-25
1.3002621382447513e-22
2.3875049400580895e-26
1.2400125276767847e-24
6.271774255909788e-23
8.610741791180295e-24
7.592666305894645e-24
1.7755701284385955e-26
2.016272760443475e-25
6.722771858204197e-26
2.3219254558187994e-28
7.853450741937575e-19
6.84640300208705e-26
9.09810656621276e-20
4.885107129093833e-26
1.4160825546624861e-27
2.5826006034223465e-27
9.480306519664263e-25
4.57112511835417e-24
2.108253448954179e-25
1.5685171289644152e-22
3.484374253287746e-20
1.4006723932291164e-22
2.2061469457723543e-24
1.833587393546393e-21
5.330908512001122e-25
3.2391484956854287e-18
3.8913138335688776e-20
9.501945834783951e-20
1.5037887495136997e-26
7.184232783355561e-24
5.180991038711728e-23
5.982534145161616e-24
1.3192823004216627e-23
3.479628597348391e-22
1.064728840575448e-32
9.464650681368658e-27
1.4695576055930583e-20
3.385163071928027e-23
8.434616932198705e-28
3.870077448089193e-24
7.70514373079511e-17
8.111427598542322e-21
1.0419705011871502e-25
2.175601857091744e-23
1.3772321802913793e-23
5.439363286033689e-20
2.968829699068833e-25
5.848001535214289e-26
8.204851347940364e-21
6.115887767973426e-23
3.4274991541184487e-22
5.000307753460443e-25
1.1925040698192353e-16
9.53558732810421e-24
3.6469897534601804e-25
5.044669815837785e-22
1.0334340391304512e-21
1.4979706133994013e-20
3.285082025352039e-16
4.16158726312298e-21
7.670786709089477e-21
8.908837314254213e-27
1.2190760606446059e-23
4.8201743278653396e-17
3.062218326332123e-17
3.0879981320105895e-27
7.22868430650386e-24
1.5896763629488986e-17
4.4765496099464e-21
7.164143125639298e-17
2.9076557545402396e-25
1.425018130133626e-20
4.4912521628396375e-24
1.1645213655357572e-21
5.509783970262591e-27
1.5563937120639782e-15
9.335041420421852e-13
1.571589377258602e-15
1.6730267494987705e-20
4.356549856092607e-21
3.206689980147636e-19
3.074915972664876e-19
4.539574875729902e-21
4.539574875729902e-21
4.539574875729902e-21
3.3034947636565197e-22
2.2162255806088777e-25
1.1364421354140254e-16
1.624574645118477e-20
9.861036183179672e-19
3.060701674135395e-16
9.732619204202428e-21
3.4580006334322585e-18
1.358902339867041e-18
1.1541275645959495e-23
1.1541275645959495e-23
4.634003924222009e-21
1.7025228236552203e-17
1.0859571188730969e-16
8.95285597709392e-19
2.609739820581776e-24
6.630228215785065e-16
1.3177675096953667e-13
2.7759261103702014e-23
7.653757451345968e-18
7.653757451345968e-18
1.358702468716462e-22
3.2672371057962e-15
8.980596512911652e-19
2.590045487652938e-15
2.7608168744367734e-21
2.0841477923998428e-22
2.0841477923998428e-22
1.2335818321850361e-24
7.796470098480304e-26
3.204873329660834e-23
3.747847000699271e-24
6.645295476910868e-23
6.645295476910868e-23
4.880929050075808e-21
3.6901470111888875e-18
4.1343259266050324e-20
2.0423898409970907e-19
2.0423898409970907e-19
2.0423898409970907e-19
1.3119449103482506e-12
1.3119449103482506e-12
2.323286436958826e-16
1.1746718583654126e-28
3.053811578129676e-22
2.1406624187386003e-24
3.68728994539856e-26
1.2916206403445983e-22
9.567279325448563e-18
2.827928242809638e-20
3.773540200382319e-24
5.309038612514661e-15
3.1622038836871076e-20
1.5466956550700947e-19
2.710067025489108e-18
3.1439848817288062e-18
1.5394585588330493e-15
2.953922349995991e-22
1.9340816136637223e-17
1.4642567691680597e-07
6.445485036032982e-16
1.4888027976007043e-22
5.583560761235227e-28
1.2162022505743144e-28
7.520116977252003e-23
9.259747124236484e-24
7.605597242460232e-16
2.458894587703274e-22
2.458894587703274e-22
9.089295153984509e-20
1.397226477138978e-20
8.481722593011214e-21
6.462003014494042e-24
2.9639858309438983e-18
8.539054125838095e-21
1.7942289457288185e-23
2.674140422755042e-21
1.2478531939289619e-29
1.6601660565363802e-27
5.6423984832352375e-21
3.2722896981653835e-22
1.8419570184241709e-22
2.6489850589708424e-26
2.1823336016264476e-24
2.6252659580152742e-17
3.13974520058639e-16
2.089583297017566e-16
1.2864702966703835e-25
9.288366997877902e-24
4.9737601231427696e-29
5.431369258027726e-24
9.350749797788037e-26
3.2196115390669874e-25
1.2906041743327745e-25
1.3480137732292665e-25
1.2870690914012528e-25
4.719238565360937e-22
1.4476940252066253e-23
8.639047256419328e-22
2.3856266509521866e-21
2.58410486249936e-22
8.968297048061328e-21
7.204897321803051e-17
1.4734877151667082e-19
2.969227025021698e-32
7.210773798990265e-19
1.920372557465979e-15
1.885164972406237e-20
3.6643656474928376e-25
7.699265671662839e-25
6.643126273504579e-20
9.234374941638054e-26
1.298115505726682e-23
7.631901091876717e-23
1.0868271783659899e-24
7.331921409197418e-29
6.8027268675306765e-31
1.4357425261127328e-24
2.7698345264600848e-22
7.26591276035897e-27
3.570884813629851e-27
1.466931997056368e-26
5.020817650525089e-10
1.0068652508965492e-11
4.5718224713943856e-24
9.221612875195131e-30
1.002895434886482e-23
4.711827564255184e-22
1.0581481157651008e-19
5.6264636317892924e-24
8.682782805768919e-16
1.647117746502135e-23
6.519886694142668e-26
1.3880685214705077e-19
1.807590829513633e-23
1.064165044097435e-31
1.6137938952828838e-23
3.572942091996446e-27
3.119049289518848e-21
1.5660360667541865e-22
6.79903113435655e-27
2.5655339509281735e-20
1.3358494333494733e-20
4.748700444480685e-26
9.764829003332132e-20
2.604618338369855e-24
1.114533628233293e-16
1.4366702001233217e-14
1.2649105169131859e-21
3.536423541158906e-13
3.443230031125417e-19
2.2017240072252574e-17
2.3046489694607334e-34
4.85641821834157e-19
4.398506569820021e-13
2.4591622593913077e-18
2.2103932240042826e-16
1.558189523551975e-20
5.60521074995328e-17
3.761894924765882e-26
8.084701070153273e-30
6.041547819836501e-30
1.6394775009700817e-14
1.704416759327059e-21
5.347642359314342e-13
2.605709329133333e-14
8.964017559692038e-22
1.1082660830719071e-11
1.0903330321943017e-11
5.199286859473027e-15
1.696729593795606e-21
7.050524799542346e-15
3.7271855996039813e-25
9.993705677036829e-24
2.7508166677570166e-23
1.0970245269079877e-23
6.551536702217587e-30
6.516343714624284e-11
9.789736798992976e-10
2.810016086084503e-18
6.926093128831605e-21
4.065154435295426e-09
3.971108526457101e-07
3.644253301904321e-12
1.7601819445615966e-17
5.129123381181994e-20
3.552301498009988e-18
1.7794482528181485e-19
1.5917646962105745e-16
4.116190461395108e-12
1.2066148735784253e-18
1.957351812520954e-23
4.859248678532536e-21
1.1784269306897022e-12
4.852074905054016e-12
7.812345437230306e-09
1.7257173981651257e-15
1.0414869362301805e-15
9.163539718692881e-12
4.904426309515486e-10
7.510053343096068e-12
4.536350028255809e-12
1.3095792083129415e-13
3.720627372681825e-15
7.789550254821975e-13
1.5047589435883586e-14
1.7249212475034525e-11
6.806417235383222e-11
6.686421707112478e-13
1.7739724619825203e-11
5.0853318708667655e-18
6.046476795813771e-13
4.530533240232337e-11
3.0099617324410785e-14
2.2023733307712217e-15
5.128722556340521e-16
8.542000657155158e-14
3.911566626157992e-10
1.2968934086365902e-11
2.3737950116035997e-16
5.16203663744174e-14
4.803692721072996e-16
3.0997355290190987e-12
1.3018969013955939e-08
9.468938626895282e-14
2.1778447101272747e-11
1.502457663490886e-12
7.430770950812848e-13
1.5888702300462937e-13
3.4487631934282392e-12
5.787178462141052e-13
1.6963709326134335e-09
1.5110086914863798e-14
1.1729927738759333e-13
4.1215683620228925e-21
3.2384458471140955e-17
1.1989632377196191e-12
6.128163845786349e-18
4.870807059011335e-15
9.519200320520054e-23
9.382699062143729e-10
6.295572787043402e-13
5.397554148425798e-14
6.337549745146734e-16
7.690109557725836e-17
4.798437688857682e-12
0.0005755306920036674
6.755001891178836e-09
7.024526099685957e-11
1.8505046080603444e-17
2.173354617273e-15
5.793453896313198e-16
9.800832563057471e-14
5.4437553131947425e-08
6.669954590406884e-16
2.1934461625489066e-13
7.858527633257471e-16
9.15962531516934e-12
6.9371138641685735e-15
2.4276989178174425e-15
2.8079085723220487e-08
1.8651976664563197e-12
5.722619813186992e-15
1.4264440323374927e-11
1.9153946110094143e-18
2.125885188372645e-12
3.2673210679370966e-17
3.0044007176203817e-16
3.559694585538592e-14
2.667157673105075e-13
8.36744139687956e-14
3.30143593398665e-14
6.27479127413965e-15
4.184383417017712e-13
1.197989931641687e-15
1.1559430043817467e-15
1.9260114675540875e-14
2.1416003261683254e-14
2.8305894954339106e-12
2.9049976400102873e-12
1.0170031483625053e-09
1.4695386241214692e-08
1.2662281128944432e-14
1.3824785760618852e-10
7.350898318866927e-13
1.6739207676225165e-12
2.5419558273472856e-15
6.085638313809219e-14
5.27552071146353e-17
1.8032233692344413e-13
2.4576091334926496e-15
7.718088321229111e-13
2.3950324767842047e-17
1.2569051702215894e-12
5.702158461796643e-15
5.76594189061197e-11
2.6391800744818283e-08
4.069305626682861e-16
2.55982165802901e-15
4.0237711471417196e-15
8.778366922257419e-12
1.3189117495631536e-13
1.2798654617509723e-20
2.754206097129591e-13
6.547182144279931e-25
1.3057679589498757e-17
9.29874580113399e-11
2.316207094404352e-16
5.132967713418592e-17
2.1405380777001693e-18
1.7925268677699245e-14
7.579216421138568e-11
1.3337636386275492e-17
2.8189579097670503e-06
6.105685076453204e-13
1.4520315505528458e-10
7.343096797285398e-08
1.5649344188902178e-18
4.965492213503684e-15
4.21099068065466e-16
3.015203034675834e-17
3.941319990600308e-18
5.5388784616532735e-15
5.800259716970402e-10
4.138770269291594e-15
1.7597770029381676e-12
4.639864881195166e-11
6.246151057313909e-13
2.3935097034509436e-15
9.004732376416413e-11
5.36170796820788e-16
4.133650713389336e-11
1.6894144511290619e-18
3.8600150640239756e-20
2.8473631253051496e-17
1.4713182320618962e-21
6.774422340165309e-16
1.5903463268518436e-10
1.1359628651142276e-13
1.6455515769453477e-11
2.4206119625543553e-14
2.5128291374770795e-12
5.883051665045219e-15
3.5260207060172025e-15
1.5414193532681253e-10
1.1755533612517466e-12
1.0860861855184348e-15
2.947141703314553e-14
6.123766382870599e-08
7.452054945344955e-11
2.4771776643839338e-11
4.896608274407299e-08
6.897601047728581e-18
7.447014116479522e-10
2.0339934597712883e-11
2.2291496648563225e-08
5.607984129157861e-12
9.050754069817035e-12
1.869001131638015e-08
1.1915453866639947e-11
4.737340519866962e-10
2.2404767985379073e-18
5.916985710736357e-17
4.866541358075571e-20
1.1093208599974314e-12
4.561168813361511e-21
1.3256205857493022e-20
3.6685761260469747e-17
7.792020501051766e-12
2.5817357556271944e-14
6.087698319112765e-16
2.569545487843272e-12
2.8890811964998875e-10
3.7997133698941914e-17
2.0225077435043204e-07
7.717506917814115e-15
8.573243975634401e-17
8.117864833036975e-14
1.1239774003943005e-17
1.862405053039331e-14
3.456004220099165e-21
4.754382380411232e-15
1.0130170769207223e-20
7.834667641575603e-17
1.1176453328052071e-17
8.786807980812404e-16
2.0388126950598995e-12
7.20181747571047e-10
3.809053306589893e-20
7.026419474259204e-21
3.1243240552212073e-14
1.0752208449765419e-13
3.4934599124918e-15
8.141356105982947e-14
7.676126309022133e-14
8.387003656677716e-13
1.5684637833315862e-14
2.2499470988981474e-20
4.317266129179975e-25
4.0309895619182207e-16
2.796475023134736e-20
1.3505820912324256e-14
6.898840065571287e-25
3.3059647226940875e-15
3.0218701104130116e-17
2.0874868904731115e-17
2.5513251205795292e-19
3.6032336449630806e-19
2.5667184994147436e-20
1.9313416485261878e-22
4.501733945706311e-16
6.519822416770035e-23
5.308157060493264e-19
1.3742837671624954e-14
2.4061173445197385e-21
4.5977445196260385e-23
3.1250748652256535e-14
5.6662198696224354e-18
2.6447655101114603e-14
3.4764736662334927e-13
2.8168029838964923e-15
1.5910179837280106e-16
7.168486154727447e-18
5.914034039545474e-23
1.4614281261386176e-14
1.6125690192880793e-12
7.428370686926372e-22
6.142308968441973e-15
7.377216083318465e-18
1.1930625532175097e-18
6.062864889912312e-20
5.30201226245895e-16
5.065170202928141e-21
2.4791008793702273e-19
2.938777708571498e-18
2.9369262612429104e-27
2.6031473138717287e-17
3.63001346219812e-18
6.457987771730047e-16
2.1463084767286422e-20
1.2799735929978437e-19
1.1507084994377587e-21
1.0599149913691488e-24
1.1449506478667612e-21
1.7049810787042748e-15
8.233308135633681e-24
2.0898725322992737e-14
5.125169020192728e-14
1.2450912696693184e-13
1.0640686228457433e-14
9.39983160752611e-12
6.686370207509285e-13
1.4276652975698547e-16
3.24718415134137e-14
5.34261389740099e-14
9.357911233477308e-21
1.4655922036347908e-15
9.803833907594472e-27
2.173048503668161e-22
1.0638320888952226e-16
2.899935747188815e-17
4.890166314658188e-16
5.830714453800802e-19
7.172726282547394e-18
8.761171469872568e-16
1.1582466163609232e-16
1.6575373869000222e-15
1.6977546105079178e-11
2.043124697913525e-17
3.836562611822204e-17
3.9581238173284656e-16
5.576997319866504e-23
3.6080357722779316e-14
1.4357954210981396e-19
1.3729231029486032e-19
4.856235101233466e-18
3.045546941807947e-14
1.2416209503065163e-18
8.580193711560033e-14
3.124818072960187e-18
6.689224505253624e-14
3.575573177643705e-20
1.7973801700460479e-12
5.690483806684637e-17
1.9976782370070042e-16
5.727201379812641e-09
4.5879820829437446e-17
5.8935011135205e-21
7.698411969534031e-18
8.888724825628636e-12
5.325373273979907e-20
7.386869782521899e-08
2.6220738362676965e-13
6.636290659717594e-19
2.6231752755606587e-16
6.6312327604645615e-18
8.253840424370115e-17
1.1952756492905614e-12
9.377249844677582e-12
7.601297385582614e-14
7.180118722889886e-14
1.8312944216614113e-10
6.58836049952094e-13
6.912115879664782e-10
7.419740301236474e-20
8.109938935972636e-22
1.7901200848178843e-23
1.8675866735311464e-19
1.622488275893768e-19
4.522958830383006e-12
3.820588695402621e-15
1.6293162317977384e-20
5.833050722043382e-19
1.4144870530973539e-16
2.9541417253112e-26
7.164010379694596e-16
3.060192238540789e-21
2.0767316399945133e-18
2.2321346407012794e-17
6.631233919179164e-14
5.933654916146267e-21
1.6149803969133245e-18
2.0573792907370892e-20
9.745254549617889e-20
1.6084160912865908e-12
9.608468534705317e-13
3.4363169208547935e-18
3.917814336840131e-11
2.822845852467476e-13
2.651150590051651e-17
6.014414660748812e-11
1.3705125923024752e-09
9.842401251544925e-18
2.9446837763319467e-12
5.249493873447919e-13
5.592641692635236e-13
3.7772554723793095e-13
1.1248268213127216e-13
3.241266323117938e-23
9.650204863453828e-15
9.196331679014018e-20
1.3679301831895363e-12
1.3119254814453196e-11
3.3226316121202915e-13
1.6110259401386443e-23
7.473511826755486e-13
5.7179265662565815e-12
6.776284067200322e-08
6.107045208078588e-14
1.8589894068554713e-08
9.371456735629557e-12
5.752227036706636e-13
4.893551926524187e-13
1.0396475363564076e-18
1.280556585757668e-16
1.2318949083594844e-22
7.794401415798808e-15
5.360469013115932e-13
3.0085079274420586e-15
4.916690752448938e-12
3.8422202919274895e-11
4.824423720108147e-17
1.3943827917393264e-13
1.1259344015945513e-13
9.505082920358986e-16
9.069025674685266e-22
2.4268233231508174e-19
1.9417423516922576e-15
8.284752319061085e-25
1.2860319962823271e-20
5.935297504264811e-17
1.350618684379236e-17
7.494276202065132e-18
1.0454930107414717e-12
1.5579698037017657e-20
3.498129846821848e-21
4.969612715290624e-19
