0.0
3.604511770543721e-34
8.171875096443305e-34
1.8956449854772305e-33
0.0
0.0
1.0129230119058248e-30
0.0
0.0
0.0
2.4230006449990873e-36
2.0726645532116804e-32
1.5089139102946732e-34
2.300284195108658e-26
3.6551820514666407e-31
6.552038898217061e-37
1.1049781370587538e-17
1.5666474243723053e-27
2.1358116207322037e-29
4.604027638963943e-23
0.0
1.7608911115036377e-35
0.0
0.0
1.2778268737798775e-34
1.5981836641166742e-31
0.0
0.0
0.0
0.0
2.775689300466898e-33
2.189323251996841e-37
9.287348837726132e-37
0.0
1.473518444449343e-38
0.0
0.0
3.440675662042704e-38
2.756927124930828e-33
6.111273358209562e-37
4.457215969560933e-33
1.5272978047691508e-30
2.8545160690053694e-34
0.0
0.0
0.0
8.255326149914048e-38
1.8732989471021167e-37
0.0
1.387718290330454e-35
8.985686457007695e-30
0.0
0.0
1.1764542888965278e-32
0.0
0.0
0.0
0.0
0.0
2.659701479567961e-38
0.0
3.1607775602334748e-37
0.0
0.0
0.0
2.2425215767271808e-32
0.0
2.2763993376932036e-35
1.3728654772494893e-34
3.2286560094298603e-37
9.740041333430947e-37
0.0
0.0
5.882523624755089e-34
8.247427856442689e-30
0.0
0.0
0.0
1.942768212196544e-34
0.0
0.0
6.81757221323786e-35
0.0
0.0
5.933490622040672e-38
1.3620552724898795e-29
5.61147191576827e-27
3.2299575495058356e-32
3.210967437925847e-23
4.013072173296555e-37
0.0
0.0
0.0
0.0
1.4671355299443435e-38
5.0557108740666094e-36
7.6103850558959135e-31
0.0
0.0
2.904851664646091e-32
0.0
7.501737705654019e-34
6.491364064799873e-36
0.0
5.212496666149933e-36
0.0
0.0
0.0
0.0
0.0
0.0
1.0732950036834229e-35
0.0
4.687309437842796e-34
0.0
1.577537669114214e-35
0.0
3.3361721803457415e-19
1.1937923660395945e-38
0.0
1.0210157686345054e-37
0.0
0.0
0.0
8.010863285882078e-31
3.304277742470024e-36
0.0
6.713617301446269e-35
0.0
0.0
6.81602641061588e-31
0.0
0.0
2.986233729283087e-38
4.957222237007758e-37
0.0
0.0
0.0
0.0
0.0
0.0
0.0
0.0
8.407566219462204e-36
0.0
0.0
0.0
1.419512212188852e-26
0.0
1.570878878177946e-34
2.3521364211387956e-37
3.425998259471566e-28
3.425998259471566e-28
4.1420269671565145e-36
3.660014016275023e-36
0.0
2.296216909709995e-33
8.095933906090635e-30
1.5121443117614702e-37
4.014896506951678e-36
2.0664183678873205e-26
8.425340545791632e-24
1.823496999314597e-33
0.0
7.625994210281612e-30
4.804960112375989e-30
1.3385174594892401e-27
7.054613677815838e-30
7.570229510594988e-30
1.798728643824629e-18
0.0
1.2397528938313538e-23
1.0151294588128267e-27
0.0
8.417683562457066e-19
2.697674749080614e-29
2.697674749080614e-29
0.0
0.0
3.5069151857558993e-32
8.044322020764586e-34
1.1233165225051967e-20
9.043598238739056e-37
0.0
7.244595630962168e-24
0.0
0.0
0.0
4.239993558880272e-36
4.7504371710673356e-27
1.5371622804810524e-25
1.9609540669585552e-23
3.075735496252359e-35
0.0
0.0
0.0
2.0452403986484375e-37
0.0
1.9481664183734358e-31
0.0
4.46080269669888e-34
1.5432765718639597e-35
5.345710377551947e-26
5.566766924012014e-33
1.2397528938313538e-23
9.903261460453421e-33
9.903261460453421e-33
5.997329308684296e-19
5.364019583254185e-31
5.364019583254185e-31
0.0
0.0
0.0
0.0
2.3217978855294753e-31
0.0
3.569023311402358e-32
3.569023311402358e-32
2.2730884988980515e-24
5.686245498662038e-18
8.852883703891479e-13
9.752970572312343e-24
2.0492589965443245e-14
5.945136616227804e-23
1.798355442091364e-29
0.0
0.0
0.0
3.9161507484402046e-36
1.3577767589331125e-27
1.0751890641274577e-26
1.461660692267258e-31
3.8943886589924195e-27
2.408469399647638e-35
5.700132444566724e-31
0.0
1.4023568612089515e-29
7.054613677815838e-30
3.3216228405066096e-25
8.671753674096672e-25
8.671753674096672e-25
1.633632800416106e-23
1.633632800416106e-23
4.0931890846466794e-23
5.730556771188989e-35
1.5313897137698999e-27
2.1058071549597466e-35
0.0
4.772619816462634e-25
0.0
1.4223987585186066e-22
1.3385174594892401e-27
1.3385174594892401e-27
9.484921864405312e-28
3.54945340594338e-35
5.607903706841705e-25
1.0479155603230238e-29
2.60829431925462e-26
5.951444057965602e-38
5.951444057965602e-38
5.951444057965602e-38
7.60802799151724e-25
2.227916559003313e-31
1.04616157228832e-30
4.307048346675342e-26
1.769498210584327e-26
1.745675179395986e-28
1.8736277477737858e-37
7.413579853775171e-33
7.413579853775171e-33
2.8194300218408157e-18
1.3189210621197893e-29
5.362447242010525e-30
3.131881353839329e-33
3.580264214904386e-37
1.0076180306961478e-34
2.337601532508484e-29
0.0
2.889438991790143e-29
0.0
1.58068571863512e-23
1.2648571993153014e-29
1.2648571993153014e-29
4.9110042616468327e-26
4.076739821501134e-35
0.0
2.8136736719580592e-18
7.0653351983225045e-37
7.0653351983225045e-37
5.689061189235926e-36
6.348412408396372e-23
1.2131968282294134e-25
6.635457281947876e-26
1.4286418929046377e-29
1.4286418929046377e-29
2.263574352587484e-28
0.0
7.924217707829946e-37
0.0
4.35880753217111e-30
2.324993746102094e-34
1.292315469029917e-22
4.068548225411196e-22
3.855903195344182e-23
2.109957789102885e-26
1.5271966769545356e-14
4.808118291419247e-28
4.846158235426179e-37
1.5556208861061254e-24
1.999484518481401e-24
8.126653352386895e-24
6.003916598650866e-22
9.957530567840906e-36
1.607380329905692e-22
3.545096611674506e-27
4.088330751983449e-05
2.5153380008564078e-26
3.8127042103950638e-19
4.1932627169055686e-23
9.340670053615866e-24
2.0036191748283914e-20
3.894046999020285e-27
2.944806123491685e-24
1.181218554155565e-36
6.002362605776453e-21
9.127668377602556e-32
1.3126656078061822e-31
9.119772934696388e-31
8.66910186000144e-34
4.6029551697691015e-31
7.90970106658907e-27
0.0
9.145700430317851e-22
3.228592502583457e-38
1.925007980657999e-30
2.956522869825186e-32
3.966724024561682e-31
7.467699328423504e-20
1.669021459598896e-15
1.2843801465314983e-27
1.521424436396564e-23
1.9655044952715528e-11
0.009342283010482788
4.62033989408872e-22
2.3623326923277504e-30
2.2809316793970076e-17
1.8118640606082666e-38
1.1184280836051215e-28
6.496470382073195e-20
4.126409283711219e-12
5.1983243827940915e-34
4.728124395571542e-21
1.3626296401697817e-25
8.232589641121206e-23
1.4750552168596442e-10
5.664231741020164e-18
7.455919113278012e-19
3.388390200240563e-17
9.747199857575425e-25
1.8989423359769684e-21
4.14391283592201e-26
4.4254328063666065e-33
2.7923669182680936e-23
2.528321409613014e-29
6.0802853964240724e-34
5.891629758748473e-23
9.409038606815301e-26
8.214746028992653e-29
2.3332430872256798e-23
0.9999994039535522
7.309550311680321e-22
1.7017824970069854e-17
4.753350982702572e-29
2.8948207016502156e-23
2.1285138577156596e-16
4.266334556113725e-17
4.266631586745525e-15
0.00218543061055243
4.045903665428341e-07
0.8677215576171875
8.165615160032557e-18
1.4685653951587718e-13
2.143911106980659e-20
1.0476845091034193e-05
0.08703784644603729
8.032156681950394e-17
1.8417702373663957e-19
2.4224861448983793e-26
7.25620769254174e-15
9.828068693071218e-18
8.39272524943745e-22
1.1835492159661953e-06
0.42739251255989075
1.7120628115208092e-07
1.1878491440093176e-18
2.546595725524677e-22
3.491300835737531e-23
1.7441005608368307e-17
4.614481330854764e-19
1.7433259425891218e-13
1.456670071023347e-13
7.03173184787287e-20
2.8548035818278395e-16
1.2593526435011881e-06
4.1599763346961466e-17
2.345810821795507e-14
2.688001927708683e-07
1.4606322338295286e-06
3.3252470221789565e-11
3.4247289512675934e-29
0.9999998807907104
0.9999110698699951
0.4674205482006073
1.2472827133104547e-13
1.5722072309524218e-22
5.822329653511128e-21
1.2927211732514961e-20
5.0954865327135224e-11
3.750440116976486e-29
1.1223774132318454e-09
1.4962517986757962e-12
2.347869420378255e-22
1.8485560940574675e-26
6.6737349153911385e-12
2.381036257048663e-09
5.952518404228613e-05
1.9773424564384356e-10
8.16329180126281e-30
0.02269362285733223
2.236458271909214e-07
0.8972800970077515
6.032790334749291e-17
1.5555143330460506e-16
0.9999399185180664
2.617363601770583e-19
3.733829657318689e-26
1.1169354330320402e-10
1.482205749043559e-16
3.596517015259701e-27
4.813971867051041e-36
2.5627395171257117e-14
2.1350198544557354e-23
0.9998911619186401
2.415238025515887e-30
3.345097754348103e-09
0.9952358603477478
1.1621275773296413e-13
4.071830427998605e-19
3.697340723776961e-29
1.814339258456482e-24
5.202228076694013e-28
0.0
1.0909197106831646e-37
1.584231615826355e-35
3.0561165111491694e-31
0.0
1.246019897641397e-32
8.047557517537346e-31
7.027702823595614e-37
8.68635182541429e-18
1.5901821257923783e-29
2.0333737857544692e-25
5.3826387292930115e-21
3.112108993429119e-28
0.0
3.3499483704227674e-25
1.586431001067492e-30
8.842790848163827e-32
3.812603273532038e-26
0.0
0.0
1.1472341744498977e-26
0.0
1.4531642999147511e-33
3.01736999084081e-22
4.683536978383751e-12
1.5388257423999915e-21
3.36162758696743e-30
2.904071003801382e-28
1.8085040704333246e-20
3.341036454711951e-20
1.384013317379511e-26
2.1556435457921582e-30
1.540441652651311e-20
0.0
1.7439928892192135e-26
0.0
2.543961380758614e-32
0.0
1.718485062217791e-37
2.3233372174223962e-33
8.240752600182561e-32
5.895470722495994e-24
7.847225070454771e-18
6.922743629520253e-27
4.240874595939914e-10
3.926472483114719e-21
2.1393571694848216e-23
9.363148225486115e-31
0.0
3.460189533266553e-34
3.701676193557835e-35
8.330054190845604e-36
5.927721722884145e-23
2.7073501773777764e-10
7.659466290042291e-22
5.6844808938650465e-37
2.820027169444709e-31
1.542168278504793e-30
5.974073611953121e-24
0.0
6.243014406789348e-22
1.3955094655560895e-30
0.0
2.1508892000237044e-36
3.0150374667214135e-20
1.7187774126070105e-25
2.704708176118448e-32
2.785553521699319e-26
8.844690984272408e-37
1.493744635362032e-13
1.4092519819324568e-31
2.330923678392149e-21
7.187861686817608e-36
9.96271899327557e-32
0.0
2.1854154734170587e-32
1.1915773335570363e-37
1.115012750182717e-26
2.797212556112706e-34
1.26531810083253e-25
1.5807267795482764e-32
1.461377510476525e-37
1.3521958552864533e-10
2.194629072316237e-18
6.422984188621831e-29
2.8401973346218457e-21
2.699833812468611e-31
5.0444439971461454e-20
0.0
0.0
0.0
0.0
0.0
4.571677068742865e-34
1.0847838394922317e-34
0.0
0.0
6.78452727624407e-33
1.1029191091973287e-32
7.7477200545409e-28
7.937711427314254e-37
5.797651573460376e-32
0.0
3.1999950066557416e-33
0.0
8.643720292104897e-31
8.588461617363539e-18
1.3213414466316936e-13
3.441066242318386e-25
0.0
2.2311488666441575e-23
1.3432362195808798e-23
2.5798186604360973e-31
1.6853194719820553e-27
4.199726283002013e-32
7.538414803009756e-30
0.0
0.0
6.320456800218817e-31
1.783443182993748e-35
5.129485944784234e-16
1.847693690657585e-21
2.259699913749317e-21
2.6882799078817373e-33
4.1819813141555873e-32
3.0148419616233245e-35
0.0
8.392108991298291e-24
4.1523100315993615e-36
0.0
8.38702929504852e-22
6.796072949615423e-35
2.0003359366727034e-27
1.3860975262602643e-15
4.508207957488518e-18
1.1552964966254834e-35
1.7186602914144885e-24
0.0
7.668895757405833e-33
3.0032779648608843e-12
8.309388693083208e-37
0.0
0.0
2.589106177529589e-23
4.260111003208077e-37
9.903866840044095e-33
2.773326567562896e-20
1.423151467946961e-32
1.0346665120214187e-25
