3.7408256941381727e-28
2.3336168495225735e-23
1.1156913108230738e-30
1.3131449229745697e-33
1.3467665108444406e-30
1.6895258052956253e-31
1.8437976291304175e-16
3.657745625383836e-25
6.928721130584928e-25
1.26624032853454e-25
2.7893380700355374e-19
2.5268936404268562e-22
9.975091368018436e-22
9.656157302787363e-14
1.1529273064177685e-21
7.995572643445678e-30
1.4690978389353404e-07
2.534564114923732e-18
1.1943608752274576e-17
4.920743500169689e-12
1.0637905205770034e-33
1.0304129278654807e-32
2.2398346905147888e-34
9.955811481277089e-23
7.233748959915726e-27
1.737697563491396e-26
2.551205867494898e-36
0.0
7.326783702181273e-27
1.6330903215126473e-31
1.721876674540301e-23
1.5774065742287263e-26
9.023609221318895e-30
7.241092915979663e-27
3.089716083670718e-21
7.152803227871962e-34
1.0582616563663077e-33
7.244986665766022e-35
1.2470194860597971e-23
2.5281321845885656e-26
3.194909592415156e-25
2.552067087269586e-25
3.0067479666855928e-18
1.3808265026959258e-36
7.262103735020961e-38
1.3224651238086519e-33
4.0328114598576607e-35
4.72179642612311e-29
3.1164405302446676e-31
1.5751590971838e-24
5.593832621325879e-22
1.8533897930318906e-29
0.0
1.0572951251383419e-22
8.700422378006642e-31
3.115469702087704e-36
1.663934147171232e-32
0.0
1.8796549635750254e-30
3.5545550330588496e-31
3.2020258455177086e-38
2.648687818165463e-29
1.2513332514932586e-36
4.2345009538234056e-27
0.0
3.323659734830673e-27
3.4778379741168405e-29
1.4280890715659884e-25
4.484898578501374e-25
1.4147952841525165e-30
3.670207620867326e-28
9.210332643325545e-29
7.452239757931952e-37
1.611804145258669e-26
4.624581696321267e-14
2.0113455392739174e-28
2.4153993390006165e-26
4.151661699497455e-28
1.7246701213351846e-16
5.355526548407418e-34
0.0
2.801574502753833e-23
3.8379668156383653e-25
1.5560211540523974e-28
5.214466880008107e-28
1.1297522162570517e-14
9.149221297569642e-15
1.0451683531771845e-15
5.1476084679535905e-12
4.0029710485130164e-27
2.787434371659284e-34
1.0489588726850848e-30
2.0093287295102794e-28
3.018709335587359e-27
2.9078133226629877e-31
3.858579405965144e-24
3.0186110187995527e-16
5.167395226237339e-29
1.5051457547872269e-30
1.1021489216252501e-33
4.450532173540977e-36
5.104721391552966e-21
2.8848734499787142e-18
3.0290965980011683e-31
5.35596349663872e-16
0.0
3.722999579649495e-37
5.462814824113112e-29
3.162162323415381e-31
7.174815172120011e-38
0.0
2.716291725034692e-15
9.459476718020147e-37
9.84308373123755e-24
4.023011890328321e-26
2.1335150865018082e-22
2.6223647380686293e-31
0.5641012787818909
4.1012006401361585e-26
8.525501426066638e-24
3.4788660575887555e-18
1.4336203995586841e-22
2.9656986531713626e-37
0.0
2.5504800112127023e-33
7.59968595180249e-37
1.5485218282124284e-24
1.5583410757225538e-24
0.0
3.3188227918444896e-33
3.0195216247370185e-23
8.003724292398574e-29
7.271046211069938e-26
1.2542411378685462e-25
3.541927404279719e-23
4.692810462858585e-23
7.669263085284533e-29
1.421060745633203e-35
4.0333747459670786e-38
1.599633651092093e-33
3.274185054257784e-31
6.315808143239281e-30
0.0
1.2535782333979857e-22
1.929528367693973e-31
0.0
8.746553666389408e-29
4.386323804173031e-10
3.3565532129538004e-30
4.400442887137444e-14
6.936085142654133e-14
1.8863005686026502e-21
1.8863005686026502e-21
1.822663910374053e-24
1.2830363793179998e-30
1.6072214900487906e-29
5.124322749575127e-16
2.3961302116315116e-16
4.749749659437677e-19
1.7351005152397664e-19
1.280064804154435e-10
2.768150986209861e-10
2.964528461425733e-18
2.0211716852725106e-24
2.0022699270758938e-32
1.5817366202084716e-14
2.1080295570263965e-16
3.392771238277858e-19
1.579281416752565e-08
2.2530426235789491e-07
2.740297553286539e-33
3.598150206604589e-12
3.968077223141103e-13
5.479638176915142e-21
3.173059037742121e-10
3.7270508901343646e-10
3.7270508901343646e-10
3.2409816625662457e-38
9.24634151475451e-30
4.5641518366767044e-18
6.831217322029363e-19
6.403581937775016e-05
8.383961799952237e-21
1.551722469618877e-22
0.051681630313396454
9.16526716960353e-20
9.16526716960353e-20
3.2914563675896125e-22
1.0236369168021346e-21
5.5403154286537415e-11
2.8342007018199167e-14
3.2987336024233775e-15
3.225184730921847e-22
1.2854653125290352e-24
2.740297553286539e-33
8.656786024496235e-24
5.282427338706103e-17
2.0756554516505538e-32
2.401783428635495e-18
4.0867580432785263e-32
2.1354527813205207e-22
2.3769948903200897e-15
5.745935347972232e-16
4.110864047129217e-19
3.598150206604589e-12
2.4198945667265956e-23
2.4198945667265956e-23
5.84686176807736e-07
2.138844252124247e-22
2.138844252124247e-22
2.654511687377177e-31
5.541618683204378e-25
4.5440473265744016e-35
4.5440473265744016e-35
8.05971900170515e-17
1.5023086530921387e-27
2.300104839200209e-22
2.300104839200209e-22
1.3104150577147866e-11
0.0027738697826862335
5.467208039370772e-16
7.040685815470847e-23
1.4798470608645697e-12
1.1210792294491512e-08
2.8694024593715634e-15
5.5657784556168125e-22
1.6462146501118945e-29
1.6462146501118945e-29
3.4341084201090076e-22
5.0626587727285045e-21
7.259205172735483e-13
5.899415071036751e-14
6.326226231862446e-22
3.741832330727413e-24
5.773728185575951e-24
4.02802790670505e-36
5.515195301334035e-17
3.392771238277858e-19
9.028740949323932e-11
2.7107088795830236e-10
2.7107088795830236e-10
1.7686068876679046e-19
1.7686068876679046e-19
9.8772251417431e-19
9.942811323497388e-27
3.8349069271081176e-18
3.696433603650462e-09
2.842281865248443e-26
5.378012257750697e-09
4.0193950043592894e-17
2.948174583727677e-19
2.1080295570263965e-16
2.1080295570263965e-16
1.0091659721428591e-16
3.4265593367904046e-21
1.8661503453643036e-09
1.6082550415571522e-25
4.3498601136679413e-20
2.163743172067064e-29
2.163743172067064e-29
2.163743172067064e-29
1.5331592806834375e-14
1.4060129449600112e-10
1.7009059438688467e-10
6.520938418292651e-24
2.2691100690317366e-18
5.396379283272842e-26
6.776486307137271e-32
4.552900842375883e-33
4.552900842375883e-33
9.92851937553496e-07
1.522323267444392e-09
9.337650791474417e-11
4.2994057025680377e-07
1.2563633075331524e-31
2.8549454598465046e-16
6.772853084575578e-14
4.5049430410649745e-25
2.2637113063499366e-14
5.712765509216894e-36
6.213223159709166e-14
8.537596833931581e-19
8.537596833931581e-19
1.3564850161962375e-16
1.6891544586672413e-13
1.4528434842758867e-17
6.974254220732645e-17
7.050494745610556e-31
7.050494745610556e-31
5.380762253235988e-24
4.880910182691878e-07
1.2931524739911993e-09
8.765977943525627e-10
3.861199359186483e-17
3.861199359186483e-17
9.630510252243035e-19
2.139860886755089e-25
3.1426297530902912e-18
6.940034353327392e-20
1.6343664085442704e-18
2.807909979803091e-37
3.889755289689401e-35
1.0875206357253917e-30
2.8206731183200386e-38
6.445923777501009e-32
5.2664234075210057e-20
8.547172675313066e-35
0.0
8.656893672446436e-37
8.640613019725292e-33
1.1390413159141283e-32
7.756723993321871e-32
0.0
3.7968664036599525e-28
1.828831298547245e-35
2.906650468529275e-17
4.155891615949523e-36
5.6114548111264615e-33
5.4726027371282285e-27
3.408628528414731e-24
1.3740447039873626e-26
1.2690053856076813e-34
2.321294397789131e-30
1.5111373624510283e-34
0.0
0.0
7.955890352170393e-32
9.349636980460103e-35
0.0
5.784958612436874e-36
7.617565174960749e-37
0.0
1.8190244931022678e-31
0.0
2.4605933747796526e-29
0.0
6.349510563096565e-29
2.974834114708021e-35
2.685798362448629e-26
0.0
2.916138605282343e-35
2.3253914074949673e-28
5.235075026829319e-24
1.1664022762960784e-28
2.958115076923375e-31
5.943993581428042e-26
0.0
2.375897622627027e-38
7.822259802661006e-28
5.73525304109117e-22
0.0
1.4877707709069317e-28
3.560115415211827e-33
9.237458128241083e-37
1.8705683023564074e-25
1.1166486334223835e-31
4.947386233854274e-27
9.859094934470922e-31
1.5486921340312705e-33
7.727164777277224e-31
1.0733837645042106e-30
1.9888355850961585e-38
2.1890214854948208e-23
1.2851008190474414e-34
0.0
2.5165385301876703e-33
1.2253041174913257e-24
5.885133038542922e-32
2.000291178060796e-26
2.7029698481451457e-20
5.101783126374441e-28
1.07349950837997e-28
0.0
1.3724238473646974e-29
2.890645852150602e-33
4.674274766695611e-34
5.824329930267825e-28
1.8426215876936124e-29
1.909322843069779e-27
7.746949687107724e-20
1.8902869352893886e-33
1.1663269255217565e-20
2.24732108318104e-21
2.802815979308093e-09
6.019184282946011e-12
1.356273532995699e-30
7.688832817375058e-21
6.641747223306207e-38
2.924725639489963e-29
3.1788939846281493e-28
3.387427901216566e-28
1.7621613111277058e-25
2.2320652958240836e-21
8.928984559185047e-33
1.3915303530773798e-34
2.232950756839365e-26
2.7293822272813776e-35
3.6272628851402605e-31
1.4895804882355074e-23
4.32407518208339e-24
1.7617122150795538e-26
1.8906865548795262e-30
1.1478738451179067e-25
4.7907984973356214e-18
1.1102920812543716e-35
5.53654445869106e-26
4.2646054729329136e-26
1.0233432636457104e-20
2.1132797945409306e-23
0.0
7.524537565836535e-15
1.392949599287078e-15
1.6790483115905848e-23
1.77453138775274e-29
5.475283961330022e-24
1.1345336727650598e-28
4.844878960134433e-31
1.4505028738739787e-37
2.9383337639481895e-30
6.240475947816961e-19
4.735824681437571e-24
1.7767200867639146e-28
1.9783868030969205e-37
4.2348199239333826e-29
6.357718758267445e-24
5.2031699400548413e-20
1.0553541427418069e-27
0.0
3.5146758643590337e-17
2.7630413650979755e-27
1.0214238623786089e-16
1.3809122182172226e-34
7.701991892688731e-34
2.2282505916783755e-23
5.399883680798903e-32
4.418843508130883e-30
8.200827522304058e-33
7.758084628032948e-32
1.1713148940745309e-37
0.0
3.6599286263617882e-22
1.9717907544586135e-33
2.0760037019612363e-28
0.0
8.850609518687587e-27
4.614457619722505e-15
3.138956231158962e-30
1.5631739519397046e-26
0.0
7.184274793227825e-35
9.21945288669308e-33
0.0
0.0
1.0058381663940968e-30
0.0
0.0
0.0
4.604175182754219e-35
0.0
4.581657638352542e-29
1.7140031214077329e-34
7.725430123773602e-30
8.925785010498902e-33
0.0
0.0
3.064956995450698e-37
0.0
0.0
1.3381588453150642e-29
0.0
0.0
1.2681220010021615e-38
8.786752830704108e-36
1.2903357478467755e-29
2.9477839509475856e-32
3.8034025885940274e-29
0.0
0.0
5.41436910960499e-30
0.0
5.290554477711974e-32
8.077478198094872e-32
9.180229098958057e-38
5.608488553987917e-30
1.2962858300315782e-36
3.6085960394409774e-35
0.0
0.0
0.0
0.0
1.6492303417476534e-38
0.0
0.0
9.340204221450155e-32
1.9110108315038726e-38
1.9477838566521867e-27
6.571942538030373e-36
7.083964028718153e-35
0.0
0.0
0.0
8.715883665304912e-35
0.0
0.0
6.766396757005519e-29
0.0
0.0
0.0
0.0
0.0
0.0
2.134494784646765e-34
0.0
0.0
4.090237917979983e-31
8.044092536349315e-30
0.0
0.0
0.0
0.0
1.1586304884602002e-32
0.0
1.6705536367286305e-26
3.866997234051267e-37
1.698908189780866e-33
0.0
1.8049244102233908e-38
0.0
2.914568465519197e-29
0.0
0.0
0.0
0.0
7.921419494611308e-34
1.8633407340908693e-24
0.0
5.703073097681954e-37
4.79827351271878e-38
2.59318339587376e-27
0.0
0.0
0.0
0.0
0.0
0.0
2.3809706593795145e-37
0.0
0.0
0.0
6.329908509483397e-33
0.0
0.0
0.0
0.0
1.0538463893820238e-33
0.0
0.0
3.286278975354072e-27
1.489743957605013e-32
0.0
3.0005073554406996e-38
0.0
2.3650355652633136e-32
6.972624280297387e-34
0.0
0.0
0.0
6.322387379650881e-38
9.45951815161314e-36
1.6280222780354523e-37
0.0
2.306027867092855e-28
0.0
2.766520286688225e-36
5.020020586907396e-37
0.0
0.0
0.0
2.8787108096835217e-30
1.3919264680915355e-37
0.0
2.468289225798017e-32
4.3644132912837804e-38
0.0
2.1231604109767472e-32
9.529576553133072e-26
1.5538897777408465e-38
0.0
0.0
6.65097617499225e-38
3.678568841572309e-24
0.0
0.0
0.0
4.903523919335446e-38
0.0
0.0
2.330476090123856e-31
8.78868837140536e-38
2.4803412020350134e-33
