1.380369920147917e-26
2.168327297368158e-23
9.480548352547824e-20
5.300408191176883e-26
4.396198107871896e-29
1.1430192690628864e-25
6.1928319732230345e-27
6.4187582499903e-33
3.3593585033154464e-15
8.24196623116728e-20
3.6445531260176943e-19
5.656892994625594e-17
1.9200171159671036e-34
3.4350200461830127e-10
3.6559460364438005e-25
2.7673821847453926e-31
1.4601590336144055e-12
5.116435206067255e-22
3.655743345317181e-29
6.213047179406781e-32
1.244783520282248e-19
1.3692475581852727e-32
9.685322265115669e-36
6.651402541013446e-32
1.4500946459992348e-28
9.013768923009291e-30
2.397537617583908e-24
1.2066480501209146e-24
2.2727885929145482e-21
1.1718521765562082e-28
2.030129692840176e-37
2.1237992554222207e-33
5.087826032438088e-29
3.8188633950049055e-33
2.1705258564470542e-18
5.634341983175867e-18
6.697801740268374e-37
0.0
1.2398939557688804e-32
0.0
0.0
7.277165787746541e-37
8.054175856925244e-27
0.0
4.300426782441878e-21
1.4996617633101323e-29
5.3082118532881925e-36
4.993586941091882e-37
1.0901839280959047e-36
1.1135456345289811e-27
9.961119213548733e-25
4.232882719444878e-21
1.305091639369823e-23
2.3877454871673995e-23
1.6572089498650308e-22
8.851513524294332e-21
4.2014121959255135e-08
3.205596840416547e-06
2.3133127688907606e-22
3.903188338418471e-22
2.0860129895150382e-33
1.464478616712408e-32
7.208186476949863e-27
3.1617207080552913e-28
9.70272256501352e-32
2.0345304879134484e-32
3.505864907382173e-36
2.997476176122241e-30
2.162059939388325e-29
1.3059241947239904e-29
2.568139931206136e-34
3.065978778346164e-34
1.0725871712911894e-27
8.349739272078871e-23
8.778248101800721e-20
7.157569000769165e-22
2.183508028121338e-31
2.2020192445294898e-16
2.095515254035645e-15
3.191548345977034e-17
4.20471046914691e-25
8.302119135830445e-33
1.8521323143595632e-21
2.1523626659156455e-17
4.8561302293326634e-23
3.479487111817033e-27
3.7840840066190544e-28
5.938701404507373e-22
2.4376889736561855e-26
1.9511841548177065e-33
1.161010474601616e-25
6.292762741060619e-32
7.894898436470212e-35
8.946307837473662e-25
1.5448072518148373e-21
2.4179093588155616e-24
3.540187548653947e-29
1.538575204318013e-26
3.090769044458777e-26
0.0
0.0
1.820348924091972e-25
5.2215861842674904e-12
1.3749872740060924e-20
1.7957970434362168e-23
5.789080996513362e-23
7.978307580794831e-20
3.577028183067909e-15
1.0794814461122194e-15
3.2116180904004734e-22
9.445308735456047e-29
1.478008903449164e-18
1.4080081896671399e-27
1.025844581910719e-23
7.213515838069598e-29
2.331469617949171e-33
7.438126214127545e-29
9.345360891729246e-27
2.7657121588037757e-14
2.4799073287686782e-17
7.917812304268165e-22
3.374393937280402e-25
1.5028822244686336e-19
4.207936928356461e-17
6.70750776946672e-25
2.471616661336995e-12
1.423313874639556e-25
8.51000884413389e-30
4.328109870499475e-09
3.048848771527551e-17
1.7965424881837126e-17
1.8330048850295766e-12
3.797711108845828e-33
4.135048025944063e-29
1.7867819026346015e-33
8.842494610093572e-23
3.34974221888152e-26
4.0207327237672745e-30
3.566503859666561e-33
5.563358484010421e-37
2.3900656565121468e-26
2.1958511831346447e-26
5.936456621915476e-23
1.1444306054520904e-29
2.452011671688706e-28
2.39718589416744e-20
3.520954306491406e-22
3.026891746757218e-30
2.8997205687982544e-28
2.5091657010496183e-34
7.217532022114569e-22
5.899331420092097e-27
1.6803878289620863e-21
3.746359997892929e-24
1.420353682699376e-16
3.9128524909449867e-35
1.1842827208186818e-35
4.761269154673634e-34
4.601917267032043e-32
5.6009259085787945e-28
2.265908001901098e-27
2.4307018349103786e-22
4.187513963109619e-20
1.8815096798523064e-26
3.892529295645223e-36
3.642974806440013e-23
5.454111426323805e-29
5.659042174443357e-35
3.952925758908114e-27
3.938283702814865e-33
4.294050060024404e-21
2.61508353798054e-30
2.5903365706275224e-34
2.1054942153451742e-27
4.633246283034882e-35
9.376963861372685e-27
2.1456300681446618e-34
1.1164592776453474e-27
1.4602121433672154e-23
4.4139644986452525e-27
5.649069545433668e-23
1.3413103537314411e-24
4.141287485259019e-27
5.485528109045222e-24
2.0183727328250766e-26
2.8881305149859265e-27
9.989014548344641e-17
3.9219624075473895e-23
2.829067883022596e-23
1.4951693656033913e-25
2.548136494414502e-18
5.199863997687277e-29
1.9485192092532903e-35
1.0765201130495e-16
2.9167616244841514e-20
7.466659186920977e-24
2.994946418450372e-25
1.9927442806771598e-14
4.334726510904099e-17
7.600586555533279e-14
9.650841324010395e-13
7.695352767498548e-27
6.109619738489229e-29
3.028272463689016e-26
2.6924342696278117e-27
2.3192477086909275e-24
1.3445818276981267e-27
6.687140553898525e-19
3.7662703359676863e-13
4.235809430627622e-27
2.7445707826538387e-22
1.553484367277899e-26
5.850648364810984e-29
1.8404323407611965e-15
4.8435694440429524e-15
6.0805159759122486e-27
1.1049468902780274e-13
1.1730678624014627e-37
5.206374844605521e-29
1.2399569405930983e-22
2.1873330569170924e-25
7.10477065180941e-36
1.0472090592532641e-35
2.189822631833518e-16
6.995353657431986e-33
2.7623183704228576e-17
2.0705855872489087e-25
3.0297027973706104e-20
3.165103762929444e-33
2.7765336199081503e-05
4.258284971448863e-25
4.291383291121844e-20
3.584396674463717e-19
3.9381296712999647e-20
3.1294982803802634e-38
2.2942760508456532e-38
2.7856541629741223e-30
1.2402763955090807e-33
9.48683266338124e-22
9.860323743979283e-26
1.1101020822223985e-34
7.45482944342335e-29
9.182759777737039e-21
5.715080013428504e-27
1.6645195447547674e-23
6.17293818863901e-23
7.8698771271862e-21
9.8141918141798e-21
1.999964047304162e-25
7.750098319413461e-32
9.575498811424024e-32
1.6857346949549013e-30
6.767510305625239e-28
2.4722116976324455e-30
2.829608806263468e-37
5.961914852887788e-17
2.1834421878565547e-23
1.602266538032744e-32
2.647271731970793e-23
0.0003936855064239353
1.1643673242723643e-26
7.050058507904883e-14
4.743759829395344e-10
2.013559029433226e-18
2.013559029433226e-18
1.2136319343224493e-25
1.1002814811501556e-22
1.0114876938068606e-28
9.395637334819185e-08
5.308260354672257e-18
1.3295628161803796e-13
1.0548698511713304e-22
1.6927684948209176e-11
1.8939853635766392e-15
5.214351677102454e-19
1.2042734016106444e-27
6.184193127729512e-34
1.244443468400379e-16
2.2104870593729706e-15
8.525893775091701e-16
3.165724400436791e-30
0.0029989785980433226
1.4468518614099701e-12
8.416170468170947e-20
2.3422597632190853e-15
1.6797367481549211e-18
2.052766255038701e-31
1.89825679627672e-26
1.676547899505326e-34
1.53683411436216e-32
2.5356439758175066e-28
1.4334866163174822e-33
7.535066246393349e-26
3.5113177059733165e-33
8.62874855207e-27
1.2622670826739746e-24
3.2647418967146056e-32
1.3223353418854814e-31
1.6875576632984276e-20
7.845607504709422e-26
5.7711737611043645e-09
5.961866628258076e-18
1.892048099964595e-17
9.549460393755608e-23
1.832747736073259e-29
4.3639037663880164e-20
4.894534818098081e-23
1.7069075111228162e-30
1.2789049202925998e-26
2.988914755625755e-21
3.11449089306563e-24
1.7262116860955438e-22
1.8492568848055964e-23
1.1101585284988065e-24
1.8053428627206643e-17
2.519548209439545e-23
7.994663461820933e-21
1.954087212007804e-20
1.8741770288488446e-12
6.995445841624998e-22
5.3393979372402714e-24
1.2700187845184977e-17
1.7885034248331606e-22
1.6301541999350278e-29
2.9882946446899353e-24
1.6740976441657152e-37
1.964966201599724e-32
2.7387913892478947e-19
1.4541920302551118e-23
5.339323594225895e-29
1.4549966418672834e-38
1.1521413163795291e-12
4.626522082043815e-18
7.86110963140653e-30
2.4512273367188544e-27
3.896539356998379e-29
1.5521170691830708e-17
9.101059759771636e-27
3.927296028656221e-21
4.112162802268017e-28
1.1210561992602841e-11
1.0488481338316899e-20
2.014178329218087e-21
1.5824143348503512e-34
3.765131351333515e-30
1.3369671643833599e-18
4.5655240148748505e-27
6.939783288501845e-16
2.7174039882754826e-20
1.1189371020745982e-26
5.890797983810008e-23
2.2885320288395633e-24
3.2306619057208483e-31
8.871679974854774e-13
1.1292742020098176e-21
1.310565166537917e-22
1.2013087935731249e-28
2.691226148182624e-13
1.544853481250108e-11
1.2438343523028904e-26
3.671211797731064e-30
4.427607015999314e-27
2.8111089172429866e-26
1.4826274309598375e-05
1.5373588503337978e-36
1.3474818770621153e-36
7.907351894280104e-26
1.3393196660454607e-19
1.9879520509092102e-19
4.579889441897266e-23
1.0132925280647024e-18
5.588119198401063e-21
1.1622845047520869e-10
2.210723261410672e-30
2.210723261410672e-30
9.186177530346804e-17
8.76221356105555e-22
8.016694664547686e-06
7.437031546153605e-11
1.6899164205139108e-19
1.4668714824003006e-32
8.441296550643074e-09
8.423788930346772e-26
3.5615771847440796e-21
4.139855416978757e-32
2.1932244432046333e-13
2.1932244432046333e-13
2.7123347576820344e-16
1.9212831148252008e-07
8.588649258115618e-20
1.6899164205139108e-19
5.101581049965498e-12
3.01737123785048e-14
2.1654688675890044e-14
2.5988524597824554e-16
6.70360956415289e-13
4.4968152465574285e-13
1.704538927505808e-15
9.270470811029637e-21
2.598125320218969e-06
0.0024322636891156435
0.0024322636891156435
8.406422280777848e-26
2.1988245878571852e-28
2.239822739395861e-22
2.0620229728360368e-20
8.441296550643074e-09
2.0060894075561132e-20
2.842290812429944e-20
0.9994485974311829
1.110260479363293e-16
1.110260479363293e-16
2.0450501597469046e-25
2.839510744799821e-24
2.449356486522447e-07
5.861399473422457e-12
1.735680792613794e-14
4.13648467413334e-21
8.423788930346772e-26
1.4668714824003006e-32
3.5615771847440796e-21
8.751145379103936e-17
3.170223207277275e-28
1.230976066401148e-19
4.139855416978757e-32
7.587787858790304e-20
4.339917338081569e-19
6.322367759534209e-14
1.8697615381567014e-18
2.1932244432046333e-13
1.0559655221706972e-21
1.0559655221706972e-21
0.0002811773447319865
9.29227091272566e-23
9.29227091272566e-23
2.803612273453058e-26
3.460200869238164e-20
9.591291578027322e-32
9.591291578027322e-32
2.7123347576820344e-16
1.584658264381632e-23
1.6238336282914183e-17
1.6238336282914183e-17
2.1801364966794745e-13
0.42588502168655396
3.7769543225204074e-16
5.608298970259016e-29
8.305421686833248e-16
1.9212831148252008e-07
1.049430063793674e-17
4.09125986661171e-20
5.367773792476248e-28
5.367773792476248e-28
6.437394150851029e-18
2.6824570614235377e-21
3.9748209064438544e-12
1.061360023238661e-15
7.930070517524407e-18
6.143883999737613e-21
2.903376060869899e-26
1.8393998068828109e-31
3.699606648674044e-17
8.76221356105555e-22
2.7484026166035846e-09
2.0908229998894967e-05
2.0908229998894967e-05
2.291800595114256e-23
2.291800595114256e-23
7.452511025756717e-18
2.3869744619142075e-28
1.5875751124347771e-15
2.2600970845266383e-13
2.133282649622161e-26
5.6778909678578075e-15
2.1204046819160022e-13
1.2003294124469704e-19
9.186177530346804e-17
9.186177530346804e-17
3.368531976013329e-16
1.1297094007940099e-21
1.0752131606936444e-12
2.7842695273165554e-25
1.0464982623454431e-20
3.895325853410216e-19
3.895325853410216e-19
3.895325853410216e-19
1.8729859514472064e-13
8.605778867298852e-10
2.070356663885775e-10
7.427962108253426e-25
3.302411715941887e-14
2.3063955316028034e-22
1.0301016574597926e-26
1.272453826855513e-31
1.272453826855513e-31
5.575848760486224e-08
6.221459111777072e-12
3.5862558582511195e-12
0.0023207722697407007
1.3176623991926576e-31
5.691653191916603e-18
4.726539604149593e-09
9.180794012091875e-22
7.668492507661995e-09
3.1121738971742055e-32
3.097512667231883e-16
1.4119805565332786e-23
1.4119805565332786e-23
1.6292556731296115e-18
8.456968374833014e-15
1.1180339918878213e-16
1.7215543635782689e-16
1.1552030989937605e-29
1.1552030989937605e-29
2.340009841407357e-22
2.705339952058239e-08
6.536668342022045e-12
1.5114743224381444e-12
2.657464413138359e-20
2.657464413138359e-20
5.057076380376134e-15
3.747009025314091e-21
7.278817986371607e-18
6.574488418597608e-17
1.1329977076977513e-14
4.0742968538103685e-36
0.0
1.9104690712670534e-33
9.599034176575228e-28
7.896276040659063e-37
1.7294386212220396e-25
4.946584700105376e-38
2.317000017174518e-33
2.4164444739519587e-38
2.2363509457195847e-16
1.373108804339789e-23
4.816440269144153e-18
2.2222272545074094e-33
6.719510270440357e-35
1.7279614791770133e-25
8.496959822404735e-32
5.56424858899585e-30
0.0
1.4236030721113216e-38
0.0
7.625368612723148e-19
5.489348905721473e-20
9.29330289884911e-37
3.7682273687220527e-34
0.0
0.0
1.125704608046881e-28
0.0
0.0
0.0
0.0
0.0
1.7763307567515758e-24
6.102865477740511e-36
2.3729746460368633e-26
1.2472401147309044e-35
1.135907029334278e-27
1.3156805044324254e-28
4.097225583662322e-20
4.537127956320794e-31
1.8899172219605823e-20
1.1382069710220054e-25
1.5765731173624e-30
0.0
0.0
0.0
1.744938344507159e-33
0.0
5.179665393621505e-31
8.198845248552633e-13
4.843771050867257e-22
1.3051503491604289e-32
1.6191285513772228e-22
6.219630479392742e-20
1.530086425747591e-21
2.0688840505319782e-29
0.0
7.42571718268049e-27
3.702636448464537e-35
5.619379167822342e-26
2.8043768727567313e-30
0.0
7.848792089312461e-38
1.2295277118993602e-31
1.153663242707967e-19
7.775158236790788e-30
2.3409777142083924e-34
4.0764992102053125e-31
5.7711661980013124e-34
3.886710864265704e-22
8.708094168860534e-23
1.2124051015404351e-26
2.8506161550741234e-22
7.485297200337445e-35
4.004944518082058e-33
3.3345513441301375e-30
1.101808682336075e-25
0.0
0.0
4.1548125810717834e-29
4.79482713066671e-33
4.379714019890037e-35
9.479199825749703e-37
2.019065759456265e-26
1.6979977423577307e-37
3.459660433411544e-27
6.313688115667686e-30
1.575126716138459e-27
1.8995317618999044e-26
4.2103874450880075e-35
1.2995307698466283e-33
1.3216565446792375e-28
2.910261363116972e-34
0.0
0.0
0.0
0.0
4.360626639207426e-27
2.429124823755634e-38
0.0
1.9968649535045559e-29
1.940258302168798e-33
0.0
2.369119338432562e-30
7.243163157195435e-35
0.0
0.0
7.666614563681269e-33
2.745950806840071e-31
7.977580573931766e-34
2.535385929064175e-33
0.0
2.201130704961119e-37
0.0
8.191074593528024e-25
0.0
2.242853874286479e-33
5.735865449589111e-22
5.860202331504637e-31
0.0
1.211512462004192e-34
8.972464496549646e-30
9.683505042638876e-30
8.218518344941948e-34
0.0
1.844484678155033e-26
2.4963502202198014e-29
9.077059181708547e-21
2.4451121873538464e-33
8.038352926572668e-31
1.0326143306083924e-21
1.8675025916634923e-25
6.697931151188768e-29
0.0
1.0648274821838973e-30
2.4939812962955497e-28
0.0
0.0
5.58181490574064e-28
3.9286416751374145e-30
3.970691582801208e-38
0.0
2.968868278193788e-37
0.0
2.2163350890739127e-33
1.4364834993097332e-37
2.2928156491319855e-30
0.0
2.7668480137813055e-28
3.32973186431154e-31
4.7802205898920516e-24
0.0
1.1960403010100951e-37
3.0676127894764826e-29
5.087424246743464e-23
5.830710054691094e-28
7.600321413659654e-30
6.970996359829417e-28
0.0
3.7221029167881427e-38
3.384726483543009e-29
1.5167621795457816e-27
5.641903661958798e-36
4.2963310087580134e-27
3.038080359954253e-36
2.7709196586700397e-32
8.145002237638591e-30
9.182097306634612e-28
1.0133945261998267e-30
5.626544852513158e-33
1.2379885896287928e-33
4.189736913641626e-34
1.817512057017281e-24
1.1852601374837283e-33
3.213854456832588e-26
1.551805865164586e-29
1.7882372156167945e-37
8.848268443199891e-37
4.583802113101072e-24
6.653273689247665e-34
2.494659676229511e-26
1.4738557247193058e-16
1.0124614488015677e-26
3.208631185563839e-29
9.920687429520392e-34
9.986777318936335e-30
2.3759102724285244e-35
1.0081617895872542e-31
1.20115018264959e-25
1.6719279741739695e-24
9.633510209991105e-25
8.021045495654214e-18
1.2006975374510928e-31
7.194630443402917e-23
4.973509261041567e-23
9.027165788211278e-07
1.4684445066165397e-13
5.160613921578858e-31
7.403612950059171e-23
0.0
5.8946343389754276e-33
7.777709341650717e-30
3.3472590211077245e-29
2.1392873525213704e-27
2.0410752868607222e-26
5.0709385608597115e-30
2.5065876663487964e-30
1.903626208614282e-30
0.0
8.044839398991066e-35
2.147770252709868e-24
1.532755709675612e-29
6.240111121871186e-29
1.4407087279779756e-30
1.683217512040751e-28
3.062794747465098e-22
0.0
1.2929046591327462e-26
4.55962457822709e-34
1.2777415162414484e-23
2.2702907248115947e-23
0.0
5.614630418071238e-16
1.0663007664199952e-15
1.965831150326463e-29
7.965042591318664e-29
2.7615096970873287e-30
7.506422097367946e-29
6.801333975601574e-36
4.278300417794399e-38
6.788061663320552e-29
2.883404812533135e-29
8.089918685206517e-29
3.728777548719716e-33
1.1396076576703147e-37
3.442044618538472e-36
9.264981374114806e-23
1.56892196843667e-24
4.339495570580321e-30
5.440457658248751e-37
3.3678379951315925e-21
4.416622956043987e-28
1.4986951396054668e-18
8.4297166227605e-38
1.6305332927796452e-37
4.63395868778226e-21
7.443618142542496e-33
1.4615841722869968e-29
3.12610477448323e-26
1.2462750448028135e-27
8.267877972622575e-36
0.0
1.409787806713652e-26
4.389184601349078e-33
1.204500770736903e-24
0.0
7.412135832861463e-26
1.3360049083200633e-14
1.4694234955882239e-27
1.8434734694081044e-24
3.133962346182269e-33
1.146440882239422e-36
0.0
0.0
5.518006959162424e-35
0.0
0.0
0.0
1.73364395027245e-35
4.011554087717862e-31
2.389348966845774e-38
0.0
0.0
0.0
5.744008164733442e-38
0.0
2.904455640599299e-30
9.033077626180537e-38
8.540159578339827e-29
1.953814286693473e-32
0.0
7.643969004730545e-29
1.1579146858689463e-32
9.502472517922976e-31
0.0
2.1898860529206785e-34
2.3578211450092945e-31
1.1536896193807553e-34
1.8532060773707893e-29
2.829327633728641e-30
3.292959344732507e-32
2.3596260596469745e-34
1.9749285437735917e-34
4.835595359705976e-37
2.9894311372335935e-34
2.048713620714806e-31
1.0305958077500986e-28
2.7474180682639194e-16
1.85846318080576e-32
4.1382008394087466e-38
9.151075991908503e-29
1.9619695478803235e-25
0.0
1.093236799561915e-28
2.5434180084949466e-32
2.0552669694203744e-37
0.0
0.0
8.726423485498808e-29
8.855368008644477e-35
8.66766351335883e-30
1.1962918621104107e-36
2.6220964581870945e-37
4.758913941539166e-32
0.0
0.0
6.131166004510423e-30
1.264716817707883e-37
0.0
1.429796671193791e-38
0.0
5.601151057493013e-24
0.0
7.483974180159898e-30
0.0
0.0
1.3161882277140145e-27
5.88571725923528e-32
0.0
7.504796746031042e-35
0.0
7.61387168852042e-38
1.7037220802156607e-35
1.3078333141047547e-37
2.821810188663395e-33
4.1759425714677926e-38
2.9459568016735477e-36
2.4747322584471623e-29
5.2254650779866395e-33
2.7005666156469135e-30
0.0
6.687609765359169e-31
1.9082484522357547e-32
0.0
0.0
3.445572013058238e-32
0.0
0.0
1.0477181148879049e-32
2.192529712165029e-32
0.0
9.526325605208823e-37
0.0
3.726344183578018e-34
4.138186826424103e-37
1.2190117911586554e-29
1.8726469261897615e-24
1.1500025390043821e-35
1.0753943946940464e-33
3.922176554009022e-28
2.197984852308777e-29
1.015010645791847e-32
1.4051185911466604e-31
9.032463985164769e-29
5.121062950287633e-37
5.276613357644808e-37
1.3186121104660457e-32
7.76401588640223e-37
7.86543875724643e-35
9.19297340707287e-33
0.0
1.1501352642552044e-33
3.012276737928299e-36
4.524377472540927e-29
0.0
5.341739615977005e-32
6.030148826993484e-38
1.043177516845169e-36
9.915779152858534e-32
1.0092029965654645e-34
0.0
1.313377075037378e-38
5.617652896026024e-30
3.532903286352564e-36
1.5689622713731287e-34
2.498885284051934e-36
1.9251904408911336e-31
1.2445650902207849e-34
0.0
0.0
1.2011636576953923e-33
0.0
0.0
1.6363456180183794e-31
1.9923827479508425e-37
0.0
0.0
2.8460629117024277e-30
6.025452221317778e-25
2.0548411201173374e-32
2.55833626607595e-31
0.0
2.9618418874339707e-38
7.405172349072864e-29
0.0
1.7629016201032765e-34
1.6870986445600474e-30
5.587013872891092e-35
9.49232847187312e-31
5.616013341484752e-34
0.0
0.0
0.0
3.575569080321758e-37
2.0370715012246867e-38
8.19140411559145e-36
0.0
1.420957000221137e-36
2.318778540127312e-32
0.0
2.3505493488760117e-29
2.0383416426369058e-35
1.2187328322432731e-29
4.548447556213654e-37
0.0
2.6389802258212276e-33
3.334758948095601e-35
0.0
1.3499398946983875e-38
1.2615774056201456e-26
0.0
0.0
0.0
0.0
0.0
0.0
1.4938968551685482e-34
0.0
7.817023914783177e-32
3.4623742529761627e-23
1.165372259109906e-25
3.636395523022398e-37
1.0426251048118342e-35
7.374213777880189e-38
5.699959748805856e-38
1.0739852414536394e-31
4.664885333376863e-35
2.1093210381446717e-27
1.359705978704152e-33
2.51575718661171e-36
1.8850714998873616e-35
2.096045615690003e-35
0.0
1.7806229785349445e-19
4.840778818777452e-38
0.0
0.0
0.0
6.2706755548569734e-30
2.3951017867647184e-20
9.851051973567005e-38
7.100149713491762e-33
0.0
2.420653499778261e-29
0.0
1.4764007079982865e-36
9.952583334059352e-38
0.0
0.0
0.0
6.416261059178772e-33
2.2675988313310695e-38
2.074814109936052e-34
0.0
3.451642317607636e-29
0.0
0.0
1.158410953087888e-37
1.3326268577768482e-36
6.1169298716075226e-33
1.6751142469652258e-36
0.0
1.0190375134855185e-25
1.7357729374241048e-37
0.0
2.129501229543174e-34
0.0
1.499972691594361e-34
2.548812401441633e-29
2.010775294762553e-38
7.779550793281612e-37
8.77743090006236e-38
1.6183252661103867e-30
3.0390369896547444e-32
8.618753967587783e-33
4.911461434356767e-38
9.486783067696128e-25
0.0
5.294801090672973e-37
5.297397618075286e-33
1.2712936139312515e-32
0.0
0.0
1.4682039052469576e-32
3.5131282611471705e-32
0.0
3.8870596997678605e-33
1.5072606184574825e-37
0.0
1.4450129180929464e-30
7.701686630560699e-22
5.348859934414187e-38
0.0
0.0
6.211017110276939e-37
1.0631949764054446e-24
0.0
0.0
0.0
0.0
0.0
0.0
5.653432173571806e-35
3.483271294679347e-35
1.0315668225076066e-29
