1.0
1.0
1.0
1.0
1.0
1.0
1.0
1.0
1.0
0.9999991655349731
0.9999991655349731
1.0
1.0
1.0
1.0
1.0
1.0
1.0
1.0
1.0
1.0
0.9999961853027344
0.9999963045120239
1.0
0.9999964237213135
1.0
1.0
1.0
1.0
1.0
1.0
1.0
1.0
1.0
1.0
1.0
1.0
1.0
1.0
1.0
1.0
1.0
1.0
1.0
1.0
1.0
0.9999996423721313
0.9999592304229736
1.0
1.0
1.0
1.0
0.9999972581863403
1.0
1.0
0.999998927116394
0.9999973773956299
1.0
0.9999994039535522
0.966132640838623
0.9999294281005859
1.0
0.9999980926513672
0.9999934434890747
0.9999997615814209
1.0
1.0
1.0
1.0
1.0
1.0
0.9999992847442627
1.0
0.9948571920394897
1.0
1.0
1.0
0.9999996423721313
1.0
1.0
1.0
0.9514023661613464
1.0
1.0
1.0
0.9999997615814209
1.0
1.0
1.0
1.0
1.0
1.0
1.0
0.0027145822532474995
1.0
1.0
1.0
1.0
0.9999932050704956
1.0
0.9999996423721313
1.0
1.0
1.0
1.0
1.0
1.0
0.2835492193698883
1.0
1.0
1.0
1.0
0.4471559226512909
1.0
1.0
1.0
0.9999998807907104
1.0
1.0
1.0
2.586767732282169e-05
1.0
0.9985892176628113
0.999975323677063
1.0
1.0
0.9999994039535522
1.0
1.0
1.0
1.0
1.0
0.015921028330922127
0.9999998807907104
1.0
1.0
0.9999998807907104
1.0
1.0
1.0
0.9999959468841553
1.0
1.0
1.0
1.0
1.0
1.0
1.0
1.0
1.0
1.0
1.0
1.0
1.0
1.0
0.999988317489624
1.0
1.0
0.999035120010376
1.0
1.0
1.0
0.9994474053382874
1.0
1.0
1.0
1.0
0.9976048469543457
1.0
1.0
1.0
1.0
1.0
1.0
0.9999994039535522
0.9999994039535522
1.0
1.0
1.0
1.0
0.9334188103675842
1.0
0.9999995231628418
1.0
1.0
1.0
1.0
0.0007100742077454925
1.0
0.8041315078735352
1.0
0.9999983310699463
1.0
0.9999990463256836
1.0
1.0
1.0
1.0
0.9935393929481506
0.9994223117828369
1.0
1.0
0.9999972581863403
1.0
1.0
1.0
1.0
0.9998015761375427
1.0
1.0
1.0
1.0
1.0
0.9999942779541016
1.0
1.0
1.0
1.0
1.0
1.0
1.0
1.0
1.0
1.0
1.0
0.9985297918319702
1.0
1.0
1.0
1.0
1.0
1.0
1.0
1.0
1.0
1.0
1.0
1.0
1.0
1.0
1.0
1.0
1.0
0.9999313354492188
0.9956521391868591
1.0
1.0
1.0
1.0
1.0
1.0
1.0
0.9999998807907104
1.0
1.0
1.0
0.9999980926513672
1.0
1.0
1.0
1.0
1.0
1.0
1.0
1.0
0.9999970197677612
0.9999822378158569
0.9999957084655762
1.0
1.0
1.0
1.0
1.0
1.0
1.0
1.0
1.0
1.0
1.0
0.9999781847000122
1.0
1.0
1.0
0.9999998807907104
1.0
1.0
1.0
0.9999834299087524
0.9999998807907104
1.0
1.0
1.0
1.0
0.9999986886978149
1.0
1.0
1.0
1.0
1.0
1.0
1.0
1.0
1.0
1.0
1.0
1.0
1.0
1.0
1.0
1.0
1.0
1.0
0.9999997615814209
0.999858021736145
1.0
1.0
1.0
1.0
1.0
0.9999988079071045
1.0
1.0
1.0
0.9999998807907104
1.0
1.0
1.0
1.0
1.0
1.0
0.9999990463256836
1.0
1.0
1.0
1.0
1.0
0.9999929666519165
1.0
1.0
1.0
1.0
1.0
1.0
1.0
1.0
0.9999961853027344
1.0
1.0
1.0
1.0
1.0
1.0
1.0
1.0
1.0
1.0
1.0
1.0
1.0
1.0
1.0
1.0
1.0
1.0
1.0
1.0
1.0
1.0
1.0
0.9999997615814209
1.0
1.0
1.0
1.0
1.0
1.0
1.0
1.0
1.0
0.9999924898147583
1.0
1.0
0.9999977350234985
1.0
1.0
1.0
1.0
1.0
1.0
1.0
0.9999997615814209
1.0
0.9998968839645386
1.0
0.9590920805931091
1.0
1.0
1.0
1.0
0.8205980658531189
1.0
1.0
1.0
0.15286114811897278
1.0
1.0
1.0
1.0
1.0
0.9999001026153564
0.9959790706634521
1.0
1.0
0.9999998807907104
0.9871626496315002
0.9999924898147583
1.0
0.9698126912117004
1.0
1.0
1.0
1.0
1.0
1.0
0.9999998807907104
1.0
1.0
1.0
1.0
1.0
1.0
1.0
1.0
1.0
1.0
1.0
1.0
1.0
0.9446303248405457
0.9999971389770508
0.9999209642410278
1.0
1.0
1.0
1.0
0.9999992847442627
0.9999815225601196
0.9996652603149414
1.0
1.0
1.4851083258130076e-17
2.689918327483994e-20
6.901266582807824e-16
8.393923316349363e-19
1.3315153462129936e-19
1.0143609310874882e-16
3.8351271628986025e-25
3.3755803840818545e-24
6.187043687071676e-28
3.197187613168256e-26
1.544784075050627e-28
1.250393525618264e-28
9.526630842967094e-19
1.9889989513719727e-19
1.619563099082566e-12
5.335471969699626e-15
1.0910973594893333e-13
2.915006430681544e-11
5.853943298403486e-17
1.541585327273498e-12
4.5204692557083916e-18
2.8023622579919326e-14
2.2185524901560671e-13
2.442641934259724e-14
4.216862414807565e-10
4.4649681629933824e-14
8.214702789527406e-13
1.853491511383254e-07
1.2323746623882359e-14
2.881644575736253e-11
4.531159447651589e-09
3.3607622359489084e-26
1.1305353973263442e-24
6.87318108785924e-16
2.439368829544944e-14
9.223388498356686e-19
1.0930566512180346e-22
6.802148954533331e-18
1.9100891521086816e-19
2.2445094082488605e-15
1.5402763376978354e-21
2.6104823314911942e-20
2.925311940713283e-25
3.5813487724004003e-19
5.154249856781368e-12
8.062665047971312e-26
1.8838404837816132e-22
1.2879314856360097e-13
1.513744398381162e-20
7.020869629531695e-22
2.2823554536866068e-20
2.3435867230490205e-19
1.512465339339729e-17
1.941412543201504e-19
7.172904712684711e-14
1.0101607355770485e-14
1.2283972894824833e-17
9.416478509515858e-17
6.513536394423999e-22
2.293775478204241e-17
6.912721082145438e-18
9.589096544976894e-17
1.1850064085873084e-19
2.1166957339166706e-20
4.0058525940800394e-11
2.971110575787834e-15
3.5448914008252365e-21
1.1823930606889179e-17
9.989242850193706e-17
1.0331516870060286e-18
5.4266309260325545e-15
4.0347545902815416e-18
1.057381179142558e-12
9.223532841373576e-18
3.135620289893698e-13
3.2623755178437866e-14
1.5351963259037017e-21
1.0303822683965791e-08
6.290498937716604e-12
3.916651893090813e-17
1.3467703092973943e-17
1.452922879276356e-22
2.461688772472612e-24
1.3258986282950451e-20
5.412838053277702e-16
2.5776234980185475e-17
1.63645282038009e-22
4.1390618587293252e-19
7.354781904667913e-21
1.2616897209509665e-16
1.1758449842027745e-23
9.962299923281628e-17
3.530825923926976e-15
1.5018746269963683e-14
1.547899849096213e-19
1.6224937688900232e-20
2.014733574204263e-19
6.13291426132618e-17
6.22040540617882e-15
9.727102200322383e-18
4.935105118279172e-16
2.890703749808233e-16
2.6510396100576372e-09
1.4788855387089998e-15
3.327245423623282e-11
1.257470967478048e-16
1.3195984187917624e-17
3.75143406354386e-18
2.156638633817173e-15
8.104967027152599e-20
1.5029957259240362e-13
1.1616935110606561e-16
1.027243614104354e-21
5.976538328965393e-23
5.635506167625537e-13
2.306977647841984e-21
3.149678625388692e-23
1.8973277585850344e-21
3.05810146684114e-22
7.233867319866388e-25
1.2621656972190418e-17
1.9966140697951896e-21
5.155331586251686e-27
1.373036917023218e-21
7.753716109336732e-22
3.769524917130701e-17
3.2405927530349463e-19
2.1468485534830347e-28
9.641450410546516e-22
3.8532459962710355e-21
3.039184613635941e-19
2.90290201686543e-17
1.702374613013608e-23
1.0207418685071712e-17
1.3317534352889153e-20
2.71895309593752e-17
6.176183748296584e-17
9.494962233215502e-18
2.0792782147719313e-16
1.4998459869444238e-20
2.225055768121103e-22
5.823939182193268e-25
7.651832944546097e-25
1.625009238057494e-19
6.505383103246968e-17
1.5372438241019692e-18
3.217747899728063e-12
2.1095079418627545e-14
1.405927454293104e-17
8.926015838986169e-27
2.814265747524969e-13
2.5812970225477526e-22
8.35875141058797e-17
1.881083004710195e-22
1.3359356210249779e-13
3.3743822081162833e-13
1.127155345589668e-16
2.4708585415540192e-19
1.30865813253378e-20
2.6660715928627113e-30
4.407920276292208e-21
1.9159212716522443e-25
7.948027534705562e-26
1.2657861013240639e-18
6.352789497413646e-19
3.500273655217877e-24
2.5579936749020516e-17
5.944091294444087e-16
1.5301342000391538e-27
4.8132619302996205e-26
4.9973742755767656e-24
1.7198212974517475e-24
1.6358874385943906e-19
2.421207426716275e-14
1.380478457918945e-14
8.262409353771674e-17
8.339423177522811e-16
2.220104135253198e-11
5.3661866549164876e-17
2.6447171762939076e-16
9.125904439217873e-22
1.9457042534874618e-20
1.425574813638586e-17
2.0058424297217291e-22
6.073881013122829e-21
9.104408807736916e-16
1.9069894633691405e-17
2.5631900235101097e-17
2.4365150739016905e-13
7.945937496034399e-18
2.4055077049202345e-13
6.9025725066076015e-19
8.924575019301967e-22
4.168052842832818e-21
6.544994400275786e-22
4.300496753520647e-19
4.440786627313287e-11
2.0054382047721194e-21
1.1698408060809563e-23
8.915339130486948e-25
2.64800288864743e-20
1.8429730872240185e-18
6.680115228335781e-12
4.527374559461984e-17
0.055925868451595306
2.2170003610710864e-09
1.691094625444478e-10
2.936059293639267e-15
1.0089889554917728e-16
1.96602399711032e-24
9.824499906269725e-27
7.158200493390125e-21
1.6746274412811801e-15
1.8351540081952897e-22
5.124502034575172e-22
3.9877294887801756e-20
4.342286599734457e-11
3.2616548807411084e-17
5.715003292925281e-16
6.836275014487242e-19
1.0180698062949259e-18
2.5349928437863242e-23
6.2959998325951e-11
4.776155915209301e-09
1.3239099819294093e-16
1.5848877151211556e-16
3.134668475906986e-25
2.5209434834998276e-22
1.4178951033955213e-17
7.46498254195302e-23
1.8083555512751543e-24
2.8414481221809054e-18
1.538266095261993e-16
1.0001275996491e-19
2.5538518259030808e-23
1.9084693523313373e-22
4.005565301667957e-07
5.722560012660916e-13
1.9636228596364357e-19
7.9475559840907e-15
5.5450879543104763e-17
4.353593765875352e-13
3.1473895959041657e-20
8.946683532479773e-25
9.709398976172164e-22
4.6839732485678464e-24
4.514894055956403e-22
1.0118517862327882e-18
3.628500781502308e-20
2.358101185156872e-15
1.3327537684570956e-10
9.043236419158455e-18
1.510894138750593e-13
3.99152282274707e-18
2.1917630611303897e-22
1.126590249041215e-12
6.493606036557683e-17
4.989104358051229e-14
2.4356719857440276e-26
1.3490283469335415e-16
4.6936234515479085e-20
6.954640424240518e-19
2.3932717733528348e-23
5.721451132712907e-19
2.3783120802034877e-21
2.1915851295198352e-13
2.3248759861704826e-10
2.435756149983354e-18
1.63521150423453e-14
3.1030751717324845e-21
1.4765670242439076e-17
1.3122724432903679e-20
7.471069649979957e-18
5.209783160431414e-10
1.0059215216262424e-17
5.661926090867958e-16
1.5696049247653652e-24
1.4644189176937056e-22
9.785850578831881e-22
4.965742123946986e-21
2.585568071493752e-19
7.333828547334892e-20
2.9617946295012454e-17
1.527378677865121e-16
5.894741076645762e-20
4.0192719198841416e-17
3.451769753599458e-24
3.025660598361611e-20
4.111790075089772e-11
3.5018035304056066e-20
5.426342683671312e-22
7.584054560041305e-20
5.096057256737119e-12
1.2517456410041654e-18
2.80187967908549e-19
1.0982379385554267e-17
3.8334747458211974e-25
1.7471692869578925e-26
2.2140381186225064e-24
7.721570981895041e-15
5.688985617159181e-17
3.640255874267867e-21
5.8344687713384135e-21
4.2704662198758507e-19
9.484994086778226e-28
9.097923479800811e-22
6.569913883758272e-13
2.473370616696039e-16
8.702041988552633e-25
9.734385009385336e-24
5.481212033433366e-19
8.672962065430786e-21
2.133727536209915e-21
2.1759965705245385e-19
4.6301613458668036e-17
1.2792725367491897e-16
4.878014591628556e-25
3.4646483180848614e-22
1.1508432999892429e-23
4.6011594836920206e-18
5.599584164029118e-19
6.643310010998142e-18
3.80194889595941e-23
1.7464215805218057e-20
5.820248034112592e-19
2.885456612310564e-18
4.3799921236589365e-15
1.5868735887965087e-29
2.3008635148359298e-26
8.302635440795038e-23
9.040181052203701e-15
5.988414757373418e-20
2.9525074591738062e-19
4.83813266711805e-18
2.5025687042066956e-20
3.587953551097695e-19
9.81613099452442e-15
6.392727716092267e-20
4.886858464883522e-19
1.5270768141090898e-22
1.7228762559705245e-22
6.4860488110838215e-19
5.626660721141973e-15
1.5412096935723792e-15
1.7279882405571553e-17
1.2458488978919433e-17
1.2663491972559173e-21
2.5556330668699478e-17
2.3925372037483772e-19
3.673197418693186e-17
8.295141666092222e-21
7.526721573186003e-22
1.2715681293487265e-20
1.459795864622974e-21
8.309869358404787e-21
1.8859805647353962e-17
6.6411191324868e-14
1.3762221173589922e-14
2.6592038219721203e-16
1.772741702781369e-14
1.4322430615720805e-05
2.0310277765167584e-11
4.41102168013905e-18
4.2092438340196256e-14
1.4221054262436366e-15
1.4677309660617727e-13
1.1434090343447512e-15
2.6795166085946676e-10
4.506710036796761e-19
3.152614929760993e-21
1.8179979319993375e-16
1.823794148627198e-20
1.3182862057566401e-23
2.2476520734396526e-24
3.1860760499166283e-16
8.1684273425046655e-16
4.614299393967958e-14
1.9428391187514826e-11
1.026588325458988e-08
6.968098515726384e-13
1.075882993806232e-10
3.623991354694187e-20
4.2182808813700434e-20
1.9346744280785655e-22
1.1822368085734183e-22
3.3670175869827566e-15
7.92699764742789e-15
2.030972887589429e-23
1.078850808538074e-24
2.792579910712503e-23
5.142358942461245e-23
1.3165711334018378e-25
6.145185651149526e-17
5.2099955460960246e-09
5.003721395557825e-11
2.969665047203307e-08
7.698927080709503e-14
6.965733328687107e-13
9.544692510313202e-15
2.3037086042117804e-19
2.2047592637649595e-16
4.1365206047911975e-19
2.155414247691917e-14
1.3770110067883734e-16
2.222858569619009e-22
4.057337448184852e-17
2.2219091597423572e-22
1.54095880209287e-20
2.726858181530817e-13
8.85420427484306e-16
1.10778500903133e-17
1.5908783556406117e-16
1.0718651376087455e-16
1.0813125026452874e-13
8.6871889652814175e-16
5.839644360520341e-14
5.241284447063789e-15
1.2163305880361652e-23
3.9481887509846225e-22
7.409848965965124e-14
1.5912250832836143e-15
1.1979479770410183e-16
8.864001640496975e-24
5.859132725164178e-15
5.444306336428547e-19
1.2720173359070941e-08
1.5898614618824886e-13
6.361848049909026e-15
3.257762830522924e-17
4.2153203128579564e-13
9.317523819163398e-08
4.4299323320728945e-08
4.1676249040376034e-13
5.603466163837424e-14
6.162015342425775e-10
2.236721875423231e-12
4.4230865229634425e-18
2.3915358188988206e-17
2.3460415467940754e-12
4.2854207892188754e-16
2.6458420408558486e-20
3.141316826011094e-22
9.897144064483684e-18
1.9475580799081056e-15
1.2079434504462916e-22
1.8261962035778694e-20
2.984298243501873e-15
1.802624747227815e-17
8.170583147234546e-15
5.027094853150126e-21
0.0
9.090645486190357e-28
4.984369937670241e-32
1.3761610166206508e-30
0.0
1.222205976064077e-29
0.0
2.8375839314057516e-16
2.499255214707011e-30
1.7083351996017688e-36
0.0
0.0
1.3198869780827327e-22
6.758917422874581e-21
5.548768228196009e-25
2.8094093051319236e-30
2.072333062065393e-24
6.5387489253802785e-24
6.015418995287112e-24
8.112408314553399e-12
5.2445512657849404e-20
6.94732003635459e-27
3.169474790900886e-27
1.0823483138800787e-28
5.778662637717193e-32
5.068819285604501e-30
2.8491261559411225e-30
1.8253681245899421e-34
4.341067378608436e-38
8.670841188425431e-37
3.9424665231381133e-31
6.24989246208613e-32
3.1379242034704464e-24
4.5895851052880435e-35
1.1334473128594762e-29
2.995797570189267e-29
7.4595377450990945e-25
1.148192121502525e-20
2.0703111721222663e-23
4.257596513123503e-28
1.3474603301294962e-15
2.1991148479626936e-16
5.944776517001788e-22
2.26030635762065e-26
1.1702978249228913e-35
3.142308297951212e-24
6.84361394699745e-17
2.4736626949377356e-24
1.688272885551773e-27
6.178302896389533e-25
6.801331028003881e-22
1.2533190122633928e-31
2.816252010562326e-32
3.980999192298271e-26
7.6519803936975e-32
5.409416094667028e-37
2.9372511656245285e-27
8.017006419726606e-24
1.297534286570262e-26
1.3401933074303487e-27
1.6413110519175523e-29
5.847683756773465e-28
0.0
1.3076650013436077e-35
1.1354505245044639e-30
5.713833283947434e-21
2.1875256174469072e-17
4.8110161324437386e-21
1.4976281618447916e-27
4.977247124987442e-16
8.534015141879227e-19
1.9265006174101254e-21
2.807746471590192e-24
5.995329168713582e-31
1.3573007631047736e-19
1.9050190753804582e-32
6.599223028567168e-29
1.3181736303750844e-26
8.89133488572143e-31
3.825113055189308e-28
1.945183225300032e-29
6.992876872176368e-13
1.1908918875029156e-21
3.5375532713523066e-15
9.032727944071076e-24
1.9160440770372391e-19
9.474195036756745e-18
2.5807995892941522e-26
1.8938302315252287e-11
5.881223672680573e-26
6.308659783416789e-29
1.0962034752148853e-10
6.216790458157118e-18
1.0953571715660508e-21
2.575462703735212e-16
2.1103539877717138e-32
3.741327302592188e-27
5.899215382812948e-28
1.6647717485165472e-25
1.4288475903100994e-31
1.3040166586142783e-23
4.5899650167970346e-30
6.273417189718755e-33
1.50636736941252e-25
4.572371466199125e-28
2.4518800617775978e-21
4.493634522773405e-24
6.331301136213627e-28
2.646479325356684e-19
4.314993716734873e-25
6.809746912270623e-28
1.5537182157982325e-30
8.055885095676764e-30
9.044589256641979e-24
6.679934517031304e-24
1.5809277411608418e-22
2.891481240130426e-20
8.345607761393626e-21
1.0649123058562526e-31
9.153732495605137e-36
7.915950324072617e-27
1.575207686634372e-31
2.1312539376114667e-29
8.260795476186138e-26
1.427179874899184e-17
1.2274343427233752e-14
8.216974329938309e-28
0.0
1.2558404952290326e-17
5.241074757747784e-26
5.544278798725822e-34
4.357026235051648e-31
7.5257162263375e-37
1.5130440423897239e-30
2.2780097511785057e-32
4.487584131430458e-33
1.5254598284825844e-20
5.007314999651116e-32
7.659696132555636e-23
7.200815514029581e-36
1.5518844009765994e-27
4.591267535255486e-27
1.8079770558128292e-23
3.7103085023216954e-23
4.6843306025579115e-24
2.0766698248918455e-24
9.916891339785598e-29
1.1559233540613907e-26
5.119617912721023e-22
1.244381793813907e-16
3.9678774570014906e-22
2.356669692312802e-24
5.241977756965229e-25
2.1257223547588647e-16
9.963308418116518e-28
5.413726067175316e-31
1.1753714669734276e-20
3.208907189621204e-25
5.0440243910457703e-26
9.90766281950151e-22
1.0742721816281442e-12
4.716589146733284e-16
1.9500660156315452e-20
3.7649462540645384e-14
1.0947929208643245e-29
7.89940867140203e-37
2.88047470360912e-33
3.459272611306055e-30
7.374766012666946e-26
3.6974048678367237e-25
1.1476779956070436e-23
1.0045142392501059e-17
1.9000693625427332e-32
1.6537730975955914e-30
1.301312360104994e-32
1.5575823008282555e-29
3.586010710633961e-19
5.209154256552332e-22
3.1026466212552824e-30
1.837083768057794e-18
0.0
6.798791997766514e-36
2.7283233151984596e-18
7.72514152262216e-21
7.446391462854504e-28
1.9768043985769888e-35
6.203807444852792e-18
6.69937097572165e-34
2.86640862028212e-20
5.967582075564057e-24
4.7040592372625354e-26
1.1510093177734377e-32
1.9048309695790522e-05
6.398224990813507e-25
1.4786958853054762e-27
3.2232234077374047e-18
5.482526604372472e-20
7.343375198546737e-35
1.8257223800163716e-35
1.3195896456907177e-30
8.578876262131617e-31
1.1109574735732163e-27
1.7747245373409327e-25
6.683713421819684e-37
2.1862380578916313e-27
2.1094266958177066e-11
8.374315487860957e-27
4.341282683895067e-23
3.8668345986800106e-22
3.724594288639108e-20
5.210396080403255e-26
6.109239011605952e-24
1.080208172377627e-27
2.8106348304508623e-35
6.041963098480759e-30
1.4089082588518048e-23
2.1644365068470435e-29
5.168168246126322e-35
1.16437654995963e-18
1.9936413474635617e-18
2.1478249365028378e-34
1.5096685365967162e-26
4.820562970404342e-16
7.000943426943734e-30
9.067071628509171e-18
1.0623003568650553e-14
4.152635603068106e-17
4.152635603068106e-17
8.9109398519745e-28
1.416555798531856e-30
6.3816674783402586e-27
1.3638749578603893e-06
2.602871895814973e-15
3.2172180764902697e-17
2.250853665423492e-23
2.1007878054334073e-13
3.1186708774908895e-27
2.4782119187056742e-19
2.0657627339335714e-20
4.557240069569348e-35
5.295265555659789e-22
3.8173729834840586e-28
8.282686096675829e-28
1.099300636414266e-13
1.2860122861192936e-20
1.2353870105108079e-29
1.661030418425601e-16
7.163902733422748e-23
1.5202643988902147e-30
2.4205130336762888e-23
5.794474527627636e-37
1.4256726094558872e-32
3.817775654528678e-23
6.744537075978531e-31
3.0178004995292393e-34
0.0
2.1266913715140643e-20
4.947620029423571e-24
5.900180273715086e-29
3.77891604444719e-30
2.101413853648611e-31
2.881680142267936e-28
1.103734553301914e-34
4.9206315990202404e-23
3.5134765013486016e-32
1.8802330243261633e-18
4.092680865322574e-27
5.305589528209988e-25
1.0431502890554877e-35
7.91570399763273e-28
1.1205400366191282e-24
2.8478628168974633e-32
3.7252299010072594e-22
1.6836776629267838e-23
4.444781496278387e-28
1.2080436436698637e-24
2.234092294036002e-26
5.919627332520626e-32
1.4008053951777367e-23
2.69931345134372e-20
4.772323824141341e-27
2.0409283122133182e-24
1.2807738256170034e-20
1.4428617407278445e-19
1.1250618674465407e-26
2.838835617213873e-34
1.945152078621711e-23
4.317318506078612e-31
0.6192792057991028
0.0
1.9530476586652254e-31
2.783569856997431e-24
1.6716079333047213e-23
3.01754950205625e-25
8.768924968756117e-24
3.188213395924994e-25
3.69666089311701e-23
1.0155037401260447e-11
1.5749568972656127e-29
1.5749568972656127e-29
8.383919935824448e-16
5.593233836428003e-15
1.246234018759118e-13
2.23249169151174e-10
2.930807342994279e-25
1.1683756081912219e-27
9.333793535485057e-17
1.6002935569832618e-17
4.4301821014315e-24
3.224343976233484e-32
4.0936392188377357e-13
4.0936392188377357e-13
1.894058674278224e-14
2.884276367748119e-20
1.6455360803871668e-22
2.930807342994279e-25
1.1207919278553588e-17
1.0765749613925903e-21
1.818839099243432e-14
9.288501261044716e-18
2.3064103311887435e-17
1.150739821633317e-20
1.415385514965218e-20
1.3057260034444783e-20
1.1035726998898099e-07
3.485538613290373e-08
3.485538613290373e-08
7.991730563669902e-30
1.9212431245340915e-24
5.562592088648444e-23
1.9063979332632383e-27
9.333793535485057e-17
2.9756793783088672e-24
1.2995225180372342e-23
2.464920635866565e-17
1.8978258109594902e-15
1.8978258109594902e-15
4.458367792341572e-20
7.955784525705373e-28
2.0818955148152116e-14
8.071996846978347e-13
9.8318705607503e-15
3.192806597710211e-22
1.6002935569832618e-17
1.1683756081912219e-27
4.4301821014315e-24
2.1382958971163647e-16
5.466066636453589e-29
5.331941605031461e-19
3.224343976233484e-32
2.732629296521333e-15
3.713012717504793e-23
5.509392941860369e-09
3.169199414750954e-18
4.0936392188377357e-13
1.280674785076986e-22
1.280674785076986e-22
3.281188862280793e-11
6.467018794077829e-21
6.467018794077829e-21
1.713332679848033e-23
3.0305810305365945e-20
1.4538152078709999e-30
1.4538152078709999e-30
1.894058674278224e-14
1.0664640080323407e-18
3.5229811741468447e-23
3.5229811741468447e-23
2.2832007551959466e-12
6.363851298374357e-06
2.8215685606643344e-14
6.488717020218118e-28
4.1153219819442065e-18
2.884276367748119e-20
5.05643589712021e-24
3.1051861301933713e-19
1.4266290625937473e-26
1.4266290625937473e-26
6.100246582830746e-14
2.4083977362435933e-26
1.2311676743197164e-13
6.096761571648386e-16
2.7393410766143303e-22
9.721994910505405e-12
4.908504598096459e-22
3.8634151675142413e-29
4.357161621115118e-15
5.593233836428003e-15
5.232699581796119e-13
6.1123582781874575e-06
6.1123582781874575e-06
6.817364760955485e-20
6.817364760955485e-20
4.586078213470906e-23
3.8616509314257475e-27
8.11216693160447e-22
4.7708349068419604e-18
1.6235581005240892e-28
7.326990034660363e-13
9.122459199654847e-22
7.88765550812677e-17
8.383919935824448e-16
8.383919935824448e-16
1.1528549373230168e-17
1.9861809709605274e-24
3.0234529767634135e-15
8.610639633693069e-25
1.8624569905105812e-19
6.638670871930215e-19
6.638670871930215e-19
6.638670871930215e-19
7.422727593708357e-16
1.832035967375134e-09
2.3455601000431196e-14
2.2090343739006895e-25
1.467348632330041e-15
7.767181901879982e-23
6.211889552570091e-31
7.702217552192321e-29
7.702217552192321e-29
4.044085471832659e-06
9.098034825516521e-13
2.5828381100545528e-11
1.1216594231200361e-07
5.2619668605985075e-27
4.259960168905702e-13
1.379246088508161e-15
1.1973425634214438e-20
6.178892397734614e-10
1.1620005032228706e-29
2.667831487814616e-15
5.498406731709118e-26
5.498406731709118e-26
2.7368439207086336e-15
1.1190153589665542e-16
1.727125855137732e-16
7.019668743420234e-21
5.3703574274966434e-27
5.3703574274966434e-27
6.818767486647647e-28
4.876483358180119e-20
1.1579137822181895e-11
1.0244127768288536e-09
4.775548388767441e-19
4.775548388767441e-19
4.998739703415689e-12
1.1950846742901763e-26
2.6505953202500565e-16
1.8415944614862281e-19
1.7095545283612293e-21
3.6009697213746553e-32
1.6752718215958039e-16
1.1095636299242147e-28
6.133522404512529e-17
5.081890318073579e-21
6.476642101505228e-30
0.0
0.0
0.0
4.6934584734773284e-29
0.0
1.1915069716033872e-33
1.5982649096172312e-21
5.82286660869608e-27
2.6016259081702242e-34
6.553973264071496e-19
3.2652958719498602e-21
5.0612053501531764e-23
2.5230715051405467e-28
0.0
1.027821048256847e-26
2.269301835964408e-32
3.656034566989631e-30
1.3219029433414976e-29
0.0
1.6632780146936068e-35
3.402072491957754e-29
2.454452961676238e-14
3.1368648969342727e-28
4.2196769283835544e-37
3.330911649216743e-32
2.0166282673102416e-31
1.7453884529393597e-21
4.3678730353641e-25
3.0607995715569697e-28
9.559797321374023e-26
5.1717684225726805e-31
1.8449471180088046e-28
1.6760653605436814e-30
1.3166558435045118e-26
0.0
4.520966885296865e-34
1.310355488692127e-29
4.9081796835745187e-32
1.3159313568076819e-28
1.0014289209255427e-35
3.462561738539204e-29
1.2987000150518862e-38
9.445308735456047e-29
2.145153975873217e-28
3.368254305655219e-28
9.911672069636309e-29
5.728071197567725e-33
2.24593853309351e-31
1.8016297863075568e-30
3.644207342333776e-33
0.0
2.018072905786364e-33
8.08153011908655e-36
7.870361139840499e-35
8.59982705468813e-28
0.0
0.0
1.465656569209997e-26
1.2743343356981845e-30
2.7423948423892853e-29
3.117249035259163e-31
3.2553188871446005e-30
3.1440485228547337e-38
0.0
2.630451104767258e-30
8.34879364201692e-28
8.42394516178386e-27
5.468932299840215e-26
4.656832910087805e-34
4.80143249056337e-34
1.8192071896625724e-36
1.5984051627752923e-21
1.5669339696461092e-35
5.5650554483182546e-30
4.4064655899617095e-25
3.1374038928802267e-35
4.1643841752032147e-35
4.512637048738926e-30
2.9300034233970477e-32
6.629551610366406e-29
1.712234230480558e-24
1.9372749930727242e-36
1.0013416164449923e-19
5.051088316895794e-27
8.172824276764213e-23
1.773768169980541e-35
2.8551258566998584e-34
8.276665508706438e-25
3.4436793440669307e-25
1.0118417451821644e-30
0.0
7.071497773374438e-33
7.676798018179236e-33
0.0
0.0
2.4639856596354477e-28
4.5771715290808125e-35
3.978007422184492e-34
1.598586294208183e-38
9.726378112884394e-37
0.0
6.60038763840454e-27
9.204394659131154e-37
6.591824212835581e-22
5.597539529406618e-32
2.017423437924902e-21
6.305477240607418e-31
6.181287563950389e-28
3.3433005527955437e-38
1.6173629929809034e-37
1.7218762326763002e-31
7.518557882151473e-19
5.847485771175182e-27
6.12590133164603e-24
4.909982727339471e-30
7.205957727842578e-35
6.952158935487741e-38
1.1686627212050993e-24
4.466693379034664e-27
3.19678774378792e-32
6.920318036311094e-26
2.911596651231109e-32
5.260832338150303e-31
1.823862428182173e-29
6.578197895632019e-33
6.859593710720632e-29
7.075344549938912e-36
1.0508434607376564e-26
1.9226262772073223e-34
9.655807461699604e-29
0.0
1.1403043607315516e-28
6.830259883962812e-32
2.321851502675869e-38
3.899190525961858e-34
1.345648455849577e-28
1.6109799955190348e-34
8.018209692992796e-29
7.483505483309079e-18
6.327444692611585e-26
2.0914334364123897e-31
6.3439642370929234e-37
6.81771324500931e-32
5.92853111448093e-32
5.4786224801156044e-33
7.448615719347277e-26
1.8582661496597635e-23
5.022352406978509e-18
1.152924073078614e-15
1.0116840032442389e-29
8.48347565636487e-27
3.7119808243318915e-22
6.560418576656915e-14
4.0286160908967195e-13
1.2068838115711652e-30
1.3483418800829414e-19
1.854317657632566e-35
1.2657757607965451e-34
1.1198044484769129e-25
5.451853535011504e-33
6.739009628096228e-23
7.02503168491119e-20
4.899217496431473e-23
2.186842670495751e-31
3.855849211913027e-28
8.211399716457262e-35
1.4605203066413106e-28
2.765206210503824e-25
5.312077026959146e-30
1.6237696398543558e-27
1.1782570822811833e-29
2.348560826208432e-28
9.664967494634697e-19
1.0324836140617e-30
4.808636925093971e-26
3.461008892521406e-26
5.0924628591172917e-23
2.4473875501667685e-19
1.3937708234991167e-36
8.54773811952668e-14
3.7423067045107663e-16
1.4844287620431132e-20
4.062699295115525e-23
6.2755186938973895e-27
7.027945265690597e-29
5.5698127209758064e-30
1.5782736330407057e-33
2.0861425363393385e-31
6.295945395777052e-28
9.196838622488729e-24
1.9547705572253386e-30
2.1395238399093393e-35
2.026152404659248e-30
2.108313744748609e-21
6.38566731127852e-25
5.526795247238177e-26
7.447747889295805e-30
1.339329571533296e-17
5.0139375115317044e-21
2.6436632923588237e-19
5.9680388918648915e-31
1.1558769487793806e-30
1.9145937402333367e-21
3.7833961590467046e-33
3.6453667206570486e-30
3.911517637671924e-31
3.505756736073164e-29
2.5580801332037453e-33
0.0
9.861269144470384e-25
1.4033462512941516e-30
5.921208443516381e-27
0.0
2.0533627795635187e-22
1.223760776713001e-16
5.023885524018528e-24
1.0492000502716362e-28
8.086877303987253e-33
2.8355022182920785e-34
6.649069184727064e-32
2.62115658636676e-22
7.637323342716193e-29
4.608570608390189e-19
1.2783842998285451e-24
5.427071249533987e-28
3.6871041962049656e-35
2.774678844935184e-29
7.86361125190395e-27
1.5209321549131202e-29
1.7492156645610017e-27
1.174861604253759e-33
4.888917210295899e-31
1.63116730679425e-30
0.0
0.0
1.3763678569827797e-27
2.053863260722691e-38
7.507104516445969e-38
4.5322510122513567e-38
3.875004500104949e-35
2.775604013532219e-26
0.0
5.444874162294657e-24
3.2823894716676583e-38
7.843225571292777e-38
1.1799388883109457e-22
3.378184942116276e-30
0.0
1.4457219513061075e-33
0.0
1.4528601774856743e-32
1.5224317509460189e-34
2.766110112054213e-35
2.073294592604964e-27
1.4324840589678976e-36
8.483550958344905e-32
2.4651431435320244e-27
1.0219493346721574e-25
3.711422926122501e-25
2.465068591681955e-34
6.965841742204193e-20
4.7101844340427855e-25
0.0
0.0
1.7361262742869683e-27
1.7660864062334135e-33
0.0
1.2891512527827288e-27
4.589599391034155e-29
0.0
2.2765799468533434e-29
4.591311192927596e-31
7.645176437620229e-26
2.1359702137280392e-33
1.283841849112042e-26
2.133794720400878e-19
3.8339345967436413e-29
3.0631123726789357e-28
2.2392359906942737e-27
7.189145902962362e-30
1.2191221183564462e-31
3.985386056266297e-28
5.122546712521829e-30
8.621384136197747e-33
1.0210778393954453e-30
1.2773865773097557e-29
1.554184264043503e-33
3.684568422821943e-30
2.9246296992897834e-26
1.1575450627408124e-37
3.2009131690305337e-24
4.131984894552826e-31
3.789343817593673e-27
1.0537924984474697e-36
3.507205480762643e-27
1.1960712618839966e-31
1.6838290768182123e-34
2.1839708531610987e-27
5.546992096826909e-32
1.8941911377375533e-34
7.048282494629667e-33
1.3734500024585152e-22
9.117606586769899e-33
8.659467778665801e-30
1.6537734354469023e-37
6.679830108646557e-32
2.985982286399449e-31
0.0
0.0
4.498743580426069e-25
1.8837033661192573e-30
0.0
1.8647325189207604e-26
6.498081687850867e-35
0.0
4.138236600545556e-36
6.320581610397814e-37
1.1549475371179369e-29
5.588426509451868e-33
3.494015079314886e-25
8.099501378631115e-34
3.851333183505413e-37
5.095517715153484e-29
0.0
1.6674339383675143e-26
4.2638689942193156e-36
8.584592081371971e-34
2.109427000273495e-33
1.7647529548291995e-33
1.4718393806034198e-37
0.0
2.7296386043642554e-38
0.0
1.6811700087255502e-36
1.166338754462151e-30
1.64004539083339e-38
0.0
1.7838880559480678e-32
5.341244751222408e-34
2.6322406773669498e-28
6.588708654777029e-29
7.60409387625187e-37
0.0
0.0
1.3791039842773695e-30
6.911713443542758e-27
0.0
0.0
1.3326089221240139e-25
4.6928664969857415e-37
0.0
0.0
0.0
3.590044336512805e-36
0.0
0.0
0.0
2.9896591188528057e-34
2.0570780304371838e-23
3.250067683680534e-24
2.9699200928211104e-38
1.791262652632435e-36
3.289624151431213e-37
2.2351549042981884e-36
2.640102007427057e-30
8.27905105216686e-36
5.06481707092164e-23
1.2411811220830308e-32
8.713517347458983e-29
1.087365427124729e-33
7.532969672200406e-33
3.1143356312853677e-32
2.851545742355341e-26
8.044679794519076e-29
1.218584301021051e-36
0.0
6.348052441284683e-38
8.184484646741034e-25
6.854737168771543e-19
0.0
1.19957129631357e-31
1.98590216153342e-30
1.7702291148649176e-24
0.0
1.1542959560694903e-36
4.963817667908861e-33
1.57248554018323e-34
0.0
1.3126226832065117e-35
2.7647394575299417e-27
8.377216022911615e-36
1.5674771263833468e-36
7.84413105672926e-36
5.842454365147617e-32
9.417927433825776e-37
0.0
2.904237585938044e-35
1.4946994242524863e-28
4.340530869870107e-26
7.809496877775864e-36
9.992309674686677e-36
1.788535815461929e-24
6.624207479207173e-32
1.046616931058334e-37
3.7561395932867384e-36
6.903796201848191e-38
1.8171123446536496e-29
1.4615968051837258e-27
0.0
0.0
7.291344076282874e-35
4.9134941038789365e-27
5.459922729758048e-35
3.4114147568208014e-30
5.402633810099696e-36
1.495677071551611e-25
0.0
7.511832455878905e-30
1.7225990441526208e-31
5.9163823098355204e-30
2.9623059493829266e-30
0.0
3.2235880778825716e-28
1.510787751494926e-24
0.0
2.76285074618173e-28
1.0064292989932383e-30
1.1184940420037394e-32
6.425217184021726e-28
5.643991856046039e-21
2.65979703691284e-35
3.661530014834669e-32
0.0
1.3525490026550056e-29
4.239518364944108e-24
2.677516467204615e-38
1.2451567090156971e-37
2.148258113058778e-35
5.788584636557599e-34
2.4234813464242893e-36
4.169674832486173e-36
9.687093591793067e-29
2.6581592463477784e-31
8.654951984521354e-28