2.5240298739959144e-09
9.247259208366998e-11
5.4051533027177356e-08
1.3171475628931395e-12
5.519129597786332e-10
1.5221244403784695e-11
1.3658269827632186e-11
1.7257479760545216e-14
9.903213360473728e-09
7.819159577593382e-07
8.268009423773037e-07
9.438749017402423e-15
4.670867100216303e-13
1.65557140479472e-12
1.9707093734666614e-09
9.307200192834597e-13
2.7897313365637944e-12
4.254000707248906e-09
2.3147930512494586e-13
1.7164734911201407e-11
4.8758800816339765e-12
5.3438854036302885e-11
3.6616729630623013e-06
9.897359376509485e-09
3.629254479164956e-06
9.122909066096134e-15
1.1341041656609259e-15
3.857520655391888e-16
1.6201689390043517e-19
4.779235275760574e-13
4.335217081152809e-12
1.131685145442686e-13
1.0213005441350731e-10
8.831738314103916e-16
2.445511675108758e-12
3.581914398503264e-16
2.483992829135917e-13
4.518925511565186e-11
3.445068449264843e-12
1.6901253617127021e-12
4.3786754777563885e-10
2.0539989251545238e-13
4.981495771438915e-11
4.555396858341165e-13
3.57049612967648e-16
8.116281559051967e-15
4.153273209794861e-07
4.0786308090901e-05
2.607815439287231e-12
3.1894998642201244e-08
2.3929918047116416e-09
1.1504724284350232e-08
2.770769015114638e-06
3.1332017651897323e-15
5.279995538010063e-11
1.0602813063087524e-06
2.616652864162461e-06
9.534406211478122e-20
5.920659305047593e-07
0.03386737033724785
7.054825982777402e-05
1.2712677048207222e-12
4.5682807715699894e-14
6.530495738843456e-06
2.817391475673503e-07
1.1774925813510802e-15
8.612053966486409e-17
1.1937244854775511e-15
2.3896925296218074e-18
2.5511846748240948e-15
2.622728965430421e-13
8.286480529529072e-11
2.47701924076249e-13
0.005137321073561907
4.81774884743269e-13
2.119767035513309e-12
6.2227309351355065e-15
3.180755356879672e-07
3.2909716712546056e-19
1.0291864582789856e-11
2.037188565287714e-15
0.048597581684589386
1.854633981113185e-11
4.055987837259245e-11
5.464060848225927e-08
2.045688631824305e-07
3.835781952482575e-12
8.124764911656074e-16
6.257082525717994e-14
2.4207237139933667e-17
3.290358420227974e-18
1.3240839360269957e-13
7.816047342765892e-15
0.9972853660583496
8.038215926209347e-12
1.0747090471102367e-19
2.4453727237583323e-11
3.065131444691298e-15
6.7987457441631705e-06
7.599137985536686e-10
3.2082314760373265e-07
9.543355689034527e-13
1.5202202561029332e-12
1.017011151595659e-16
2.2436955404714354e-08
1.577053865275957e-08
5.3545394436719726e-14
6.5941206689722135e-21
6.789421802544382e-10
3.001206574926307e-11
5.541465290109793e-12
3.3960612100258913e-11
2.9498503791546005e-13
2.9545996590085374e-14
6.61493568254734e-11
5.328494623313418e-08
1.7304937216522376e-07
7.1810606072642e-11
6.615168482437817e-13
6.231490367540859e-17
0.9999741315841675
4.362457010215204e-12
0.0014107291353866458
2.466318619553931e-05
6.889507186969013e-09
3.770431966643173e-09
1.1879370269863177e-14
3.109220214625452e-09
3.55841183884327e-14
6.252975517066642e-15
2.404728654837327e-16
1.5075392323371517e-11
0.9840789437294006
1.0393755189852527e-07
6.818504094674438e-14
2.9655048194854317e-08
2.1132741552781081e-13
2.050117586804845e-08
3.230650236218935e-08
1.241792652322167e-16
3.9998412830755115e-06
2.4108285626069786e-15
5.9300302298823104e-15
2.4474734101908625e-14
3.290258124578702e-18
4.889670482746689e-13
2.5653041317196727e-16
4.844708279840536e-14
1.0977936615308437e-10
4.599405844249796e-14
4.0049421556886955e-08
1.0445023752164717e-12
2.3200018549476105e-15
1.5109973412448865e-14
2.1784666084934123e-12
1.1676454960252158e-05
1.076694831382563e-12
8.263604245328793e-10
0.0009648517589084804
3.383205271489942e-09
4.244933739305753e-19
1.1253265148481509e-21
0.0005526358727365732
1.5258951261277846e-14
2.535705444174554e-14
1.344335999472712e-19
9.813923979029582e-11
0.0023951076436787844
5.712180376750749e-20
8.574522820438883e-24
1.7687819525019632e-12
1.781853310733883e-11
8.501043202713277e-10
1.057530507608817e-08
5.441056032395863e-07
5.701590453099925e-07
5.480173648209075e-09
1.4849129955155083e-13
3.3095440277186583e-10
2.212685872200748e-14
0.06658115983009338
5.957298543357581e-10
4.461832361357665e-07
2.1666641814022114e-09
4.982643631024075e-08
9.269295841139464e-15
4.940123421448561e-09
0.999289870262146
4.127846120471901e-10
0.19586850702762604
1.4767457479081258e-08
1.6760637890911312e-06
1.2527494867160444e-17
9.987027169700013e-07
3.346113786051319e-08
5.266108187539087e-14
1.2374878032017644e-11
1.2665788712231347e-17
0.0064605469815433025
0.0005773476441390812
2.3629906828448975e-15
3.25463736365085e-14
1.937406295837718e-06
5.543479564273923e-10
7.730382665645328e-15
7.408132267350265e-12
5.770700362006664e-09
0.00019838724983856082
7.327572928853346e-14
2.0700443380369977e-14
2.723338484104732e-21
8.047070496931819e-15
7.162787751162705e-14
5.677706212736666e-06
5.2367623366817456e-17
9.530656272181644e-21
1.878332266676093e-19
3.5002549903656588e-12
3.898828959333911e-14
1.2841626167723664e-15
5.413233405905833e-15
3.0756871327935614e-21
3.3335292167567235e-25
4.8489922043923755e-20
3.8823836151017685e-22
0.001464873319491744
3.152971884755562e-16
1.4122497659155298e-12
6.84544880564966e-15
2.4171538340801593e-16
6.193285293870811e-18
1.017102417913418e-12
2.308551663566627e-15
3.226491339727855e-13
2.6948796926634655e-12
2.768460696014321e-15
1.4521615856956556e-14
8.923192246352004e-19
6.37195340620336e-22
9.186693732408068e-19
2.0559802029807873e-15
4.312540451540631e-18
7.854053446411396e-18
7.385182049235439e-11
1.4820593753975264e-13
4.295607652134853e-13
8.259734909921157e-12
9.352353193684062e-19
5.067545707604197e-14
7.222946071896713e-18
1.8948726051778997e-13
3.058385142362674e-12
6.29571985655275e-08
7.247686541092362e-15
1.655293523777912e-12
1.740247160784969e-12
1.9361445993126836e-06
2.879723481646096e-21
1.7745077664763943e-14
3.959504280004467e-09
2.828772820064449e-18
2.466456180868484e-15
1.3026150177700645e-15
1.5113573102296988e-18
1.7531798235381757e-09
3.0037365377211245e-06
1.7810727513278835e-05
4.2852038859564345e-06
3.28856625091134e-13
3.051253827379696e-08
2.1258672437149595e-17
2.5913268753008367e-10
4.853818966221203e-14
7.884520814016582e-11
1.6667809780440695e-16
1.6191737620824265e-12
1.8497162453795773e-15
7.415430769430742e-11
5.919377210616972e-10
2.1817304514115676e-05
1.897795207659106e-13
4.057959503252595e-23
1.1118738742210699e-11
9.52121439468101e-08
2.4814994860117203e-15
2.403664019125923e-13
7.541324231752355e-10
1.6554235116927885e-05
1.662329367491111e-07
2.2873173482897945e-18
3.874303025054956e-16
1.1747232766132037e-17
2.048689307330292e-17
1.3442046338241198e-06
1.5088100040194785e-12
1.0041375283348364e-12
1.3411195765034023e-11
4.811488013567455e-12
1.1202373892814257e-15
4.914286200197182e-10
3.5271458198810404e-14
1.2415755056005562e-11
8.293593676406141e-13
2.0768057785384552e-15
8.199240283543409e-16
1.4785591980902464e-14
7.648274071065354e-17
2.1825244834634116e-17
6.134647826932668e-24
9.193408465329057e-15
1.6567173188875017e-09
5.430850539243914e-13
1.8701962289924268e-07
0.00014199886936694384
4.335591261006577e-11
1.9213702850962022e-10
3.811327697889055e-09
3.944511384190719e-09
5.1803390022087115e-08
1.2365787824819563e-06
1.5784946683083945e-09
1.6206439523713811e-09
6.887824977042101e-09
1.0835267971742724e-07
1.9813121809875156e-08
4.0138087298302594e-10
1.9176962535311093e-12
2.3255664378945976e-15
4.19540446827682e-09
1.0004975363811508e-12
5.744111050762083e-16
5.363063644439961e-14
5.703789847253055e-15
1.1655240106378528e-09
1.1829499879656424e-10
6.8984613577072196e-09
2.4263614121361465e-12
1.3655305286855695e-14
7.867699824970487e-10
2.3533770487915717e-09
3.1817376511256157e-10
3.6032510525654815e-13
7.610760910381487e-09
4.579144138525115e-13
7.190685269442554e-10
3.8133002817630768e-06
4.657641900472371e-15
3.65365035996006e-15
8.001492524112308e-11
2.401661226662799e-13
2.1850197432643492e-13
5.450814799523584e-10
1.6353229949462125e-15
1.2196654797236306e-10
1.1696820153227113e-20
7.414949290153721e-15
3.1578291981304574e-08
2.129725215627154e-11
1.4239004419991375e-10
6.295431031844514e-16
7.68389570300074e-24
1.413216196627029e-13
1.6558950323669434e-14
1.2943319376360063e-13
6.816814335230958e-10
8.079109603542634e-10
1.3772404224010604e-11
1.0043285241000469e-13
2.2931795825849137e-14
2.0317230564614874e-07
2.9509614196676637e-10
5.546704114349661e-14
1.7551269326787633e-09
1.3176889219785205e-14
2.5343626936652486e-13
1.491739648473711e-10
1.2840855494796605e-13
1.3672168952538755e-10
2.7647431869934347e-13
7.516877303714864e-06
1.9508587453809234e-12
1.713224007104941e-09
2.312353217348573e-06
1.0071465010716082e-13
9.111341889300739e-12
9.987441788486963e-19
1.029383052135237e-18
4.8624625159643386e-11
8.217100502631858e-13
1.70453335826418e-14
1.801166007453503e-07
1.3632496824109164e-12
0.00010313338862033561
2.419662235332576e-13
0.040907856076955795
1.901797124932692e-15
8.360822034703119e-10
3.4642643808658388e-15
1.5038854493318321e-12
0.17940004169940948
2.2921323004610166e-16
2.5206644063691108e-11
1.3649836842148221e-14
0.8471388816833496
6.917760808633489e-10
9.748794835718169e-26
5.591693330586622e-09
1.0602236014849772e-14
2.5121276679888438e-17
1.725217857462269e-09
1.0583880083459007e-07
1.5435976382693667e-16
3.077694620424315e-13
9.627220975971795e-08
5.239573397375352e-08
7.111279956006911e-06
5.869473743841391e-13
0.030187368392944336
2.4492620049622847e-14
3.233162809977842e-17
3.904412793076517e-09
1.3582469871042946e-10
4.832379496555461e-10
1.508445908601167e-14
1.6462689700347255e-07
3.13387343853222e-10
1.2281784964041087e-11
9.351647234367988e-10
5.528574559959809e-12
2.006134147691796e-10
5.409113261467535e-12
1.650252157148202e-09
3.747535068317253e-15
5.428121704019722e-15
1.0437336758761795e-12
4.900239325422717e-09
3.7263755969796364e-10
8.021493000365605e-19
0.05536973103880882
2.8592837679752847e-06
7.90054036770016e-05
3.7520413859182256e-11
5.820385839960807e-10
9.216633532760365e-12
1.8061130716007234e-11
7.517734843531798e-07
1.846372651925776e-05
0.00033479396370239556
1.4489294312969303e-11
4.850018164859193e-09
1.0
1.0
1.0
1.0
1.0
1.0
1.0
1.0
1.0
1.0
1.0
1.0
1.0
1.0
1.0
1.0
1.0
1.0
1.0
1.0
1.0
1.0
1.0
1.0
1.0
1.0
1.0
0.9999997615814209
1.0
1.0
1.0
1.0
1.0
1.0
1.0
1.0
1.0
1.0
1.0
1.0
1.0
1.0
1.0
1.0
1.0
1.0
1.0
1.0
1.0
1.0
1.0
1.0
1.0
1.0
1.0
1.0
1.0
1.0
1.0
1.0
1.0
1.0
1.0
1.0
1.0
1.0
1.0
1.0
1.0
1.0
1.0
1.0
1.0
1.0
1.0
1.0
1.0
1.0
1.0
1.0
1.0
1.0
1.0
1.0
1.0
1.0
1.0
1.0
1.0
1.0
1.0
1.0
1.0
1.0
1.0
1.0
1.0
1.0
1.0
1.0
1.0
1.0
1.0
1.0
1.0
1.0
1.0
1.0
1.0
1.0
1.0
1.0
1.0
1.0
1.0
1.0
1.0
1.0
1.0
1.0
1.0
1.0
1.0
1.0
1.0
1.0
1.0
1.0
1.0
1.0
1.0
1.0
1.0
1.0
1.0
1.0
1.0
1.0
1.0
1.0
1.0
1.0
1.0
1.0
1.0
1.0
1.0
1.0
1.0
1.0
1.0
1.0
1.0
1.0
1.0
1.0
1.0
1.0
1.0
1.0
1.0
1.0
1.0
1.0
1.0
1.0
1.0
1.0
1.0
1.0
1.0
1.0
1.0
1.0
1.0
1.0
1.0
1.0
1.0
1.0
1.0
1.0
1.0
1.0
1.0
1.0
1.0
1.0
1.0
1.0
1.0
1.0
1.0
1.0
1.0
1.0
1.0
1.0
1.0
1.0
1.0
1.0
1.0
1.0
0.9440740942955017
1.0
1.0
1.0
1.0
1.0
1.0
1.0
1.0
1.0
1.0
1.0
1.0
1.0
1.0
1.0
1.0
1.0
1.0
1.0
1.0
1.0
1.0
1.0
1.0
1.0
1.0
1.0
1.0
1.0
1.0
1.0
0.9999996423721313
1.0
1.0
1.0
1.0
1.0
1.0
1.0
1.0
1.0
1.0
1.0
1.0
1.0
1.0
1.0
1.0
1.0
1.0
1.0
1.0
1.0
1.0
1.0
1.0
1.0
1.0
1.0
1.0
1.0
0.9999790191650391
1.0
1.0
1.0
1.0
1.0
1.0
0.9999924898147583
1.0
1.0
1.0
1.0
1.0
1.0
1.0
1.0
1.0
1.0
1.0
1.0
1.0
1.0
1.0
1.0
1.0
1.0
1.0
1.0
1.0
1.0
1.0
1.0
1.0
1.0
1.0
1.0
1.0
1.0
1.0
1.0
1.0
1.0
1.0
1.0
1.0
1.0
1.0
1.0
1.0
1.0
1.0
1.0
1.0
1.0
1.0
1.0
1.0
1.0
1.0
1.0
1.0
1.0
1.0
1.0
1.0
1.0
1.0
1.0
1.0
1.0
1.0
1.0
1.0
1.0
1.0
1.0
1.0
1.0
1.0
1.0
1.0
1.0
1.0
1.0
1.0
1.0
1.0
1.0
1.0
1.0
1.0
1.0
1.0
1.0
0.9999856948852539
1.0
1.0
1.0
1.0
1.0
1.0
1.0
1.0
1.0
1.0
1.0
1.0
1.0
1.0
1.0
1.0
1.0
1.0
1.0
1.0
1.0
1.0
1.0
1.0
1.0
1.0
1.0
1.0
1.0
1.0
1.0
1.0
0.9999393224716187
1.0
1.0
1.0
1.0
1.0
1.0
1.0
1.0
1.0
1.0
1.0
1.0
1.0
1.0
1.0
1.0
1.0
1.0
1.0
1.0
1.0
1.0
1.0
1.0
1.0
1.0
1.0
1.0
1.0
1.0
1.0
1.0
1.0
1.0
1.0
1.0
0.9999998807907104
0.999996542930603
1.0
1.0
1.0
1.0
1.0
1.0
1.0
1.0
1.0
1.0
1.0
1.0
1.0
1.0
1.0
1.0
1.0
1.0
0.0
8.42755569719631e-32
7.725278343943024e-31
4.255335826457167e-37
6.299591728856508e-37
1.2274576710495395e-29
0.0
1.4106642523721008e-19
1.456729347418421e-38
0.0
0.0
0.0
7.031844479381879e-26
2.5810739187554308e-27
7.324892625362269e-32
3.22754037496211e-34
0.0
4.764445422517836e-28
5.801210456075888e-33
1.4984668611824156e-21
3.777960138730466e-25
4.361206729306675e-28
3.548238514164706e-33
1.2476833644928295e-34
2.930949715439488e-27
1.9100643659728218e-22
9.438124154909833e-25
4.915845905082276e-31
0.0
2.984674924871372e-37
0.0
9.458207162252931e-31
5.214177907761647e-32
1.1986855040952318e-36
2.5574666353552115e-32
1.3022476263220788e-37
4.439513500101505e-27
2.1468862069180802e-31
7.475935228201404e-28
4.071712597208764e-31
2.218241535199435e-30
3.0518885876782366e-23
6.400864716617603e-24
8.023743130464264e-30
9.759710855507227e-38
1.1679400013564004e-25
2.10590031631695e-23
2.3540693710353682e-27
1.6784057054971918e-24
4.2034126332861916e-32
2.115973526677896e-31
0.0
6.761879419614002e-37
8.48716111590645e-28
1.813907169463795e-35
3.5872246997948295e-36
0.0
3.878426648850231e-32
4.875853221584921e-34
6.033927080556165e-29
9.600746478759065e-30
7.04170193031697e-32
0.0
1.5114963336301855e-32
2.826541406488661e-32
2.8239110203990756e-25
6.082181495919986e-21
5.565693637292283e-22
4.4879321457201557e-38
4.9557298077446593e-29
5.361654013601227e-36
2.36760154012678e-30
6.599251436033848e-28
6.08175621536344e-31
9.343725854243659e-26
7.464595757587881e-35
1.8100694595882686e-29
3.7422816971761294e-28
2.982730797555018e-28
2.3976992196441545e-34
0.0
6.042975563314383e-23
6.19466244775992e-31
1.3627403321459262e-23
1.9425986379528882e-33
5.363779895254075e-29
4.216001533890951e-25
2.604879532314837e-29
6.451388855675344e-16
3.793462382668559e-29
1.970257271246769e-25
2.3081364586037946e-16
2.360003156280901e-20
7.51631970653787e-26
8.82795273857418e-19
2.9971240604284338e-36
3.192921909453032e-26
9.403699136556996e-32
6.079384214700274e-33
9.528524881670815e-33
1.653323034850978e-25
2.558411843015868e-33
5.3374156702101e-34
2.472530115542196e-32
1.9107416169791312e-30
1.0676477387628195e-27
4.390920939453654e-28
3.43967773173491e-31
7.374894924787773e-29
1.0966705095402562e-35
5.148227625486017e-38
3.892698399231961e-33
5.459957977874512e-30
2.434910087858028e-26
4.876028149838003e-31
7.333261577225092e-22
1.0542860152153763e-23
1.7875543936097435e-23
7.755295510546233e-34
7.065358067513442e-38
6.976219548136476e-33
2.3202473203186644e-32
8.611233154731222e-32
1.5381847632487265e-30
1.6170060232929734e-21
3.843973240212005e-18
2.1212337757357495e-32
0.0
2.050989601970688e-23
6.448432870192839e-32
2.5305000795990557e-38
1.1021933922467998e-36
1.214378701649144e-38
3.4231627383030194e-36
3.238396423450389e-32
4.957238492069944e-38
1.1640665217484422e-24
0.0
1.3104528572401943e-33
2.5546898542096164e-38
2.428962238410777e-27
3.1652589190002027e-34
3.914532545582913e-31
3.061780592122392e-28
8.889986697144539e-29
1.6905727588689874e-28
1.4531165880684192e-30
7.419924878407322e-31
3.2973403613966656e-28
2.4329257205768962e-24
2.5483217236030165e-25
4.029683031793983e-31
2.461082242382477e-36
4.981566579245789e-28
3.275087504780797e-29
3.291768642549077e-38
6.026342262878558e-27
3.694779405193555e-34
1.0157422808226385e-33
6.665313047945766e-27
5.931677071462923e-24
6.721125527859208e-20
1.8899591401673278e-29
4.3659852888513237e-20
3.2241062974823576e-27
2.362292044100441e-34
0.0
2.5493543137413167e-31
2.2172991781125793e-33
8.843458617841275e-26
4.653733764601919e-23
6.791687828293969e-29
0.0
1.8311847553278489e-34
9.633783229820021e-26
1.8257898627593294e-30
2.8391316971348625e-24
7.103973155804606e-32
1.6304672582150201e-34
2.1171679716136292e-24
0.0
0.0
2.9584917654986892e-28
4.366505039620882e-26
1.671052911572453e-31
0.0
2.069748655132276e-25
0.0
1.2743924072683326e-23
6.485430544694513e-34
5.648098011633225e-31
2.746235807583473e-37
1.3604478234440198e-18
1.3009592709893658e-33
1.2977559513081604e-35
1.1593782057230789e-31
2.81717624299566e-32
1.540453491314878e-35
6.678062041165001e-35
4.809643724231699e-27
4.3340077836670665e-28
7.5649590979191034e-34
2.9825146119187604e-28
1.1960220280781203e-37
1.186565438736976e-29
3.351906836841095e-16
3.919138941189548e-29
6.548631420909755e-32
5.563198712823797e-26
2.795109350526487e-28
4.7051729112134635e-33
1.4832019083647206e-30
2.1219482353247075e-30
2.7142352823253742e-34
0.0
4.7634444075438024e-36
7.852513915612932e-36
0.0
1.6255924169909216e-26
4.1188464412134594e-30
0.0
1.66041423954029e-33
7.7502567333862845e-22
0.0
4.16936975264909e-30
3.792250816251731e-27
1.1078931583727773e-20
1.1078931583727773e-20
2.79631944672902e-32
6.996237335310217e-32
4.999169013022234e-23
5.804400675292754e-22
4.347193528942315e-18
7.95429409666966e-29
1.2456967836317146e-32
2.5683678432724466e-17
1.928922377297627e-26
5.932259275462879e-26
6.156513941889747e-26
3.2118200585137326e-26
1.8258988070792348e-25
6.396234827253615e-29
8.404376124092445e-32
8.163221795648196e-17
2.1111633491735504e-13
1.1714102960045929e-27
3.4616846890854166e-17
4.472615202910974e-17
3.37042978797215e-26
1.0236989275801722e-22
1.3235464537151336e-31
2.309706223049835e-22
3.2536932805123206e-22
3.2066644981270035e-27
8.538409341354616e-27
2.075954018032113e-34
7.436063278341738e-27
5.743648796000357e-26
1.4914537267395834e-27
2.806706996433649e-32
7.941638070913848e-32
2.1241189286858957e-37
7.013110934530784e-36
1.4678043662839775e-27
2.6992515749637917e-35
4.491086360054578e-22
8.936055785372191e-22
1.0726859714973365e-26
1.1835628872500234e-38
6.041974419939567e-26
2.412795187822046e-17
1.1573113904297569e-29
2.792971402658242e-25
3.7678478274218987e-22
1.8703951766618466e-27
2.1042508734916767e-26
8.702650739137608e-30
2.5648875368343254e-28
7.015083177019718e-23
4.546713044558419e-22
4.881591582795667e-24
1.0912726476638117e-16
2.4236396794565113e-20
1.61008747334047e-21
4.3370520619878673e-20
1.8931648686153536e-27
6.641298426644441e-36
1.418630506052872e-25
0.004371326416730881
0.0
2.3348743856145763e-29
5.5223318847868975e-17
2.7602233535418323e-16
3.216862950457971e-24
6.747352078379824e-28
1.320847129286685e-25
3.945338185861907e-17
5.813565184809022e-09
1.1246599800715426e-31
1.1246599800715426e-31
5.3480601498452456e-17
3.1399575461214386e-18
3.136264077249845e-22
2.707837806825502e-16
3.3678468848051335e-26
3.8336463692904016e-27
6.600928816743947e-16
6.57977199340126e-20
2.4204189816023057e-32
3.7660590867400144e-33
1.385642989237823e-11
1.385642989237823e-11
3.2839006211857726e-18
2.836435407668834e-17
5.437063336189879e-19
3.3678468848051335e-26
1.9228410909951504e-13
4.597613567201159e-19
1.257532411536033e-10
4.2118889061691945e-24
4.302221786989338e-18
1.0350323596768504e-20
1.0532304947117304e-20
1.4550561583514522e-25
1.2576378827233725e-10
1.5542204240446707e-17
1.5542204240446707e-17
4.562567814043458e-33
1.9456146336075747e-28
8.111708776967935e-28
1.574989301036927e-26
6.600928816743947e-16
1.761761284693049e-24
1.9545731448921406e-26
1.175122689043781e-16
6.301009945928258e-22
6.301009945928258e-22
6.164151101528418e-26
3.685431808188215e-27
4.1853404329590364e-21
6.177379644667182e-19
1.022114034035515e-12
1.1168194136026985e-23
6.57977199340126e-20
3.8336463692904016e-27
2.4204189816023057e-32
2.4629392353365232e-23
1.0470433811305329e-31
9.35923649960324e-20
3.7660590867400144e-33
3.609709968327359e-21
7.551809356883478e-27
2.02245162349117e-13
8.304640510645944e-21
1.385642989237823e-11
8.141408856779535e-20
8.141408856779535e-20
3.593316963423909e-11
9.476584761546411e-17
9.476584761546411e-17
2.505456501127504e-25
3.6231444841134394e-22
1.0443763179846753e-28
1.0443763179846753e-28
3.2839006211857726e-18
1.9303269335883584e-20
5.343182324869746e-26
5.343182324869746e-26
4.451137491393259e-16
4.923186858185602e-10
2.148445171767932e-10
1.6386337872801982e-21
8.439687171346577e-09
2.836435407668834e-17
8.044189284236365e-29
1.8274475629033132e-23
3.2064786787802735e-36
3.2064786787802735e-36
4.615476176841578e-15
1.3091387406255446e-18
2.767034027833349e-16
7.182360144949069e-19
1.2770728153462275e-17
4.1464007126573753e-16
1.229732322801992e-19
1.8061319259096242e-28
4.6029881318721916e-17
3.1399575461214386e-18
2.7356419280169205e-16
1.0164989509842126e-12
1.0164989509842126e-12
1.5138168862861915e-16
1.5138168862861915e-16
5.229390854614433e-19
1.5483593232511389e-28
5.7341534005437284e-24
5.489535416902784e-28
2.072073134266592e-38
9.305764442880515e-20
2.762513467700219e-28
5.127627236860602e-16
5.3480601498452456e-17
5.3480601498452456e-17
1.7659708957002454e-19
2.826752741611018e-20
2.559894453231637e-19
8.659824716703146e-24
1.4777230918680117e-16
8.20576350843616e-20
8.20576350843616e-20
8.20576350843616e-20
1.324245482150696e-13
1.48335238680868e-18
3.2219809567515285e-26
3.432070330686311e-19
5.384541329487896e-16
3.610470441347154e-19
3.7649378940780137e-26
1.717534721009092e-22
1.717534721009092e-22
3.621616201376909e-11
1.436582805760617e-21
5.805888782504363e-23
6.056954395491648e-25
8.040105259511325e-30
1.3457038080468473e-22
1.1525585688492967e-20
6.43757388552552e-23
5.034342439588302e-16
7.167793659336738e-28
7.278180743633053e-14
3.4945352344742663e-25
3.4945352344742663e-25
1.7213171943530377e-17
1.2458323216568475e-28
5.767449890978287e-33
1.0091261160027898e-11
2.2255329028434613e-28
2.2255329028434613e-28
5.590386680662723e-26
1.4681583197269998e-18
4.908230743960361e-19
2.558108001602464e-19
3.6964691784600244e-20
3.6964691784600244e-20
3.8369009617799624e-16
6.451687767030492e-30
1.6205472200937257e-25
7.582359977528524e-32
4.493276932125068e-23
4.235489818252235e-18
4.263805752913186e-09
2.508799619885336e-21
2.214090889796072e-11
1.7887195724597404e-07
7.302816253700572e-19
5.8400848075848905e-27
6.567115922639642e-33
2.4305991976133365e-30
9.352680305566019e-14
1.3764280654272706e-31
2.367795456145092e-19
2.4563501233032525e-10
1.2878247947212262e-11
2.1835770907654376e-29
6.245555288220128e-13
2.5491104782560114e-09
4.2215854428742997e-14
9.798625834093137e-22
1.458242834296762e-29
2.2636594679335646e-14
9.984608185979022e-22
5.2533734443868253e-23
2.533240428728421e-25
1.6079050905600508e-33
4.348486039061195e-26
1.8467413020421553e-22
3.5525615782461273e-09
1.8962274402832006e-29
1.4300555615950044e-27
2.1879173070250217e-25
1.2287490730644259e-24
1.9782257614138397e-17
4.530930153064976e-26
4.834906745447154e-17
1.7097974480426814e-19
1.6777314038561512e-19
7.578774847277758e-13
5.2565700197083456e-27
3.7371063647562526e-19
1.0569618127628841e-27
3.948745073564725e-30
1.909964234911489e-20
5.733087649460775e-22
6.040610500260368e-20
1.496974323727963e-23
3.267672337514944e-23
7.328895831648982e-23
8.02043244263798e-24
3.331872521371085e-20
1.4361343389670876e-20
3.692527735290195e-25
9.046059052419826e-27
9.41169830066106e-25
3.5009939661551616e-17
2.8789197270469843e-22
4.087159840469598e-26
4.741606066307093e-18
1.9699286219328925e-23
9.664765352372504e-21
6.111891548776206e-18
1.92743469752691e-28
3.689290489423688e-32
7.143676030306776e-17
5.788012083507432e-11
1.4057021302942447e-17
1.5416417107743664e-19
1.068355333682775e-22
5.430472865520362e-26
7.340535000988974e-23
1.6085184619680603e-18
8.895794990488482e-20
1.77252033601456e-16
5.784488052566511e-16
3.9502781084800736e-17
4.311057054298787e-27
1.1734885304611345e-22
1.711443893505013e-13
3.0419421623795542e-21
5.0061804314670323e-20
2.2421604503608528e-11
7.117424547722846e-25
8.607979200290211e-25
2.566613227757099e-18
3.1496129669178287e-19
5.519765374956717e-16
2.233390237343664e-14
2.259016798070719e-23
6.416045916779467e-09
1.4482121000262023e-17
1.1186313377334334e-12
7.136526668172097e-28
1.8111483018953667e-20
1.2059137176480452e-21
7.830613513071207e-22
1.2354149950451978e-22
1.2079628815309828e-28
1.2994952299210382e-27
8.691341467855579e-29
8.393286697470427e-18
1.2483482933416187e-29
3.0714494587854137e-24
1.336261202466735e-29
2.6493224547800054e-23
2.0696201108640676e-27
6.661783049469298e-26
0.0
8.840135586984758e-15
7.224259036411255e-28
1.2455731985937794e-17
5.662788704322457e-24
2.0473537815015697e-24
3.154761183953994e-18
4.248178272540431e-17
6.470716772053113e-22
1.6778441627504193e-22
7.81323770801007e-17
0.015536907128989697
5.368356845971582e-17
2.265524963647665e-22
1.9078044017086277e-17
2.4094378072505116e-32
1.1272699846463796e-26
6.725924984869605e-19
2.0126707411805e-08
7.876584470083737e-26
4.639761934928339e-17
3.024187273535619e-25
4.88247476306616e-21
8.606677213095475e-15
2.9474630306862966e-21
1.4425330088126583e-17
5.6878025401493726e-21
4.632708003362283e-16
5.830543920122231e-24
4.487705444209764e-25
2.7354118708859512e-24
9.274175074648614e-23
3.883096795847186e-21
1.823001699997371e-27
2.7021643971795435e-22
3.738739995978947e-22
7.324743757184178e-27
8.289131681954141e-21
1.0
1.0767670231536246e-15
7.014997828984557e-17
1.6023830814534297e-24
5.025727750890491e-23
1.2133974609522427e-15
3.0974181701187047e-16
5.944148385311765e-12
0.7379165291786194
0.768959105014801
0.9969927072525024
1.3163249448235569e-14
3.2395176767325688e-19
9.620506194257198e-15
4.946613074707784e-08
0.9999129772186279
1.6258107553915426e-17
2.6795047083916224e-11
1.7167755970045542e-21
1.0427937591752836e-17
7.472734724848357e-15
1.2416827187764606e-25
2.866931414491347e-10
0.9633615016937256
0.0009125123615376651
4.870910526071076e-18
3.9661602243952755e-18
6.14294954413937e-20
4.628097497151259e-16
1.0598556503726899e-14
2.905665772048577e-21
2.0463580103439322e-13
4.756600387005594e-13
1.2910157697661878e-13
0.0002318384504178539
6.226554018342939e-15
4.907153031019781e-16
1.1287131229664737e-08
6.199365021331005e-09
1.0465448951890721e-07
1.2037850806249457e-22
0.9810062646865845
0.9655619263648987
0.9298878908157349
2.0388420118866435e-10
7.720030996587594e-17
7.298395862545635e-17
5.926433039709376e-23
9.568745535509793e-13
1.6079340976393828e-20
1.1587721071310703e-13
3.232104471215247e-12
5.115032876435036e-21
3.191416940339574e-23
1.0094095020561286e-14
2.9594078923556033e-12
3.698367834203964e-08
4.830794653187809e-10
1.0634537943856837e-18
0.0007372398395091295
2.337201765456598e-09
0.002023923909291625
3.4086907427567474e-18
1.435095565874376e-14
0.0011828008573502302
4.2011965644170116e-19
1.5086526836777272e-22
4.753548052958186e-15
1.0006896869699057e-17
5.398248532180682e-20
9.60259939287185e-33
9.373385811721872e-20
1.6193806172690249e-16
0.0013405921636149287
6.1469101959255625e-28
3.340620002845185e-10
0.00018101584282703698
5.514848560456143e-13
8.149798923883266e-20
3.9975203507083484e-21
1.9830798924777875e-21
4.580877118469797e-19
7.372180207749242e-18
6.953400666617938e-17
1.2913627740183873e-17
3.1973033128138064e-15
1.2018658767058517e-24
6.404375270905353e-26
1.5879812936132212e-22
2.3876921286157704e-22
1.7581106967477848e-22
6.412014918414104e-22
3.7439257672731556e-27
9.881641477347716e-25
1.2555725132094297e-24
0.0
3.0892612347563744e-33
8.320930702908924e-23
4.7553930420848656e-32
8.351861648653429e-33
5.990359619408687e-34
6.1439170178504945e-33
3.312446313932248e-19
3.936340567031095e-36
1.1998710380653424e-20
3.529020693237217e-23
3.1924121080930327e-25
9.819576724553851e-15
8.86021155827784e-25
9.970332435086975e-30
1.8231894781669488e-27
2.391690781288972e-32
4.711352441220578e-25
1.4369931901361747e-22
7.28803006761794e-29
2.4960354212985276e-22
4.086650779419014e-31
1.4455339909278524e-26
5.313187244803398e-24
3.559140428117732e-24
4.2911954363367816e-16
3.0895533527364183e-12
1.9456913417150878e-18
3.086550526474376e-19
4.881968697941693e-37
9.51901822608094e-38
9.371690273219691e-23
3.910527720814791e-26
1.8179563213856756e-31
2.5270073898941417e-16
5.490426540836192e-24
0.0
8.511203322159508e-24
6.885660233627066e-27
9.083511222798203e-19
7.868214631227439e-24
5.8505159944425855e-21
2.4688234187531974e-19
1.0418056077614994e-21
2.6027038045073197e-22
4.757070870249497e-21
1.435548947124993e-19
9.380172610543606e-22
1.0300565784964018e-22
5.660642062806443e-27
6.117500956970167e-22
1.3212218569521115e-22
4.430710859119052e-22
1.3761519361618896e-28
8.809628613743711e-24
9.636859315808777e-21
1.3900399373614875e-26
3.201327606050881e-17
9.055576921537568e-22
3.55546568884613e-15
1.2158179071797876e-27
2.3658079608529772e-20
1.279339256013658e-26
3.8642535488931574e-30
2.3862723400788568e-29
1.345129012436867e-22
1.1730894069299402e-31
1.6591429054830525e-24
6.499618838279725e-20
3.975533480153298e-27
1.0563292231462791e-19
1.4210740520106006e-24
1.0762088542019209e-22
2.407942061835049e-23
1.9068270304548477e-27
2.9917127901356388e-34
3.505451137697513e-13
6.178836904261953e-20
1.1626479467033939e-29
1.3065531840570313e-20
9.966737420713855e-34
0.0
5.336892909435742e-24
5.968248541253662e-37
7.230000792095157e-26
1.2129813055136502e-22
1.3582825836300216e-11
1.396221647857652e-17
4.427119447574593e-26
7.010592475876221e-22
5.543363395824403e-21
3.3618968493001307e-15
2.2597247534015007e-22
2.774318285627616e-22
9.642595457927663e-21
1.241408433303121e-32
7.206467799636983e-31
3.554927662472173e-35
5.23324654585863e-25
3.963327862506748e-35
7.388422550791002e-26
3.310083469466698e-27
1.9258418138329807e-26
1.0551154077939076e-22
1.0003980489353137e-20
3.5110810496194046e-23
6.60337483613738e-15
2.9732279199279533e-17
7.611185006696959e-27
5.572219922757703e-28
4.010723542184288e-33
2.464045740945993e-25
1.2245857649738134e-22
1.2742429791930156e-36
2.9083007962416775e-24
6.422311571441242e-10
1.8400170753518785e-24
4.945511866001089e-37
1.1842282023788406e-28
2.993829416487798e-31
4.054313973799e-20
2.8752807634529124e-34
2.6509559786387305e-26
7.901623408253518e-26
3.390885664869284e-32
6.075308526350586e-24
1.3066392076095625e-18
3.59483598964853e-24
8.023524770633655e-31
1.928091300008025e-26
3.212662277308063e-28
2.330068418009254e-15
8.863468898759481e-30
2.652567848225975e-16
1.805066130722875e-26
4.9491817398228275e-26
5.1197455241774986e-33
1.226962589692476e-27
6.420229279688516e-25
2.751796607181789e-20
1.2316812378733494e-18
1.7723448398127203e-23
3.7105178602844244e-32
6.486037028515192e-30
1.0738380851194052e-08
4.6341361303881e-10
7.092066244386709e-30
7.489728569852469e-19
4.0052621347748594e-27
4.475252633751037e-13
2.827875739513638e-34
3.860208653730195e-34
6.96932494152718e-27
1.3356089441613508e-29
8.69937135610978e-36
1.2221658685729852e-26
1.3689650560553215e-25
2.1287330476583317e-31
3.582106034554552e-31
2.0559116785576595e-28
3.2201819504053013e-29
1.926369826786534e-27
1.2800040270708446e-32
5.809164606299384e-24
1.0622671576517689e-23
4.309487487337953e-23
8.712577929989625e-31
5.874170058105397e-23
1.2311610653451455e-16
4.967731315605592e-21
4.539374847425609e-25
7.146701199962645e-32
2.450081275897964e-24
8.973356663067896e-22
8.712376263626254e-24
2.6801986440981252e-27
4.124542198468052e-28
1.5097235150249104e-22
3.9376477899935276e-28
6.85806914156739e-31
3.3144416286660906e-20
1.3260241324959324e-29
1.6954435379694136e-19
5.652191935782623e-24
4.587896784078978e-16
6.48641880801548e-27
1.1197780474086738e-19
5.6758426574855136e-27
0.0
1.3273670354410402e-19
1.3071200531926359e-22
2.4382439024316864e-36
7.148765755333876e-19
4.12075607056828e-26
2.6196546188690462e-24
4.2930946430232034e-16
2.6927665284191826e-13
2.8486354105595413e-31
1.4057772382938645e-17
7.715913415548893e-31
5.889533952538527e-25
3.5607170423973544e-12
1.0256530514879418e-30
3.5419790067465773e-32
6.7677163801292885e-28
4.174381804455647e-23
1.6201059914693966e-28
9.116168872778349e-28
5.203378027677687e-21
1.788923787115878e-25
3.303902830674282e-19