7.539202219467519e-27
4.270884963905084e-21
8.169455958139987e-16
2.7863222915313094e-16
2.7651069368223036e-13
1.953955084484007e-14
2.8636232834398035e-19
1.408991796571095e-19
1.9422587903271765e-17
1.890564587725133e-20
6.399582070690005e-19
9.875057368131425e-23
2.1119167217827992e-24
1.1846797530247067e-21
7.13000353202986e-11
9.607316366360989e-20
1.6677304543323383e-14
5.074464404231094e-09
4.77236891328794e-16
8.75864832050599e-12
4.2045975175055234e-18
3.7957249787723413e-06
1.191429680608147e-11
1.2953013661665125e-11
1.8229849053919e-12
4.1539504893698203e-17
3.3144542666008192e-09
2.979317107821376e-22
8.59719105409477e-23
2.967966689340598e-19
6.354127173173587e-25
3.922226594111053e-18
1.8183765356676303e-19
4.0991579217999436e-23
2.168845645827806e-18
4.3323208958456194e-21
7.933699232216903e-26
3.138190664907012e-22
6.558808474908691e-24
6.929280038536277e-24
1.2005651239592327e-23
3.486571658584993e-18
2.7839332351035787e-15
3.9954051432532995e-19
3.8909645127071825e-24
7.218549454739761e-15
6.252287641610177e-13
1.3065081929538821e-15
3.1227158645192172e-21
1.425041454197057e-14
1.3020950521404113e-20
1.2909569521012854e-20
2.0819997723701045e-19
3.100698481499815e-20
1.553268689884202e-14
2.014371320794753e-18
5.753280525696065e-19
2.4049506381735784e-22
2.566233909197962e-15
1.1983309699364365e-18
9.587527362675365e-20
3.0873582352229976e-22
1.8804093997459859e-06
7.291799569927468e-27
8.757165861004095e-22
2.5246281581248063e-23
1.6465058483294825e-11
2.155071260334651e-12
1.4011127719895568e-19
1.345728491859496e-16
1.0189787381931215e-11
7.366115823970176e-07
1.1896123192425834e-12
5.439627329906216e-06
3.5885477252714493e-16
3.036881453297379e-17
6.569637954305374e-13
2.901135549241568e-13
5.231358482223769e-22
2.0761316197217796e-16
7.389570751705247e-28
2.5391916411513408e-20
4.39955450486312e-36
1.8615407489941325e-34
4.418847405129755e-28
2.777918920013247e-14
2.278738658157007e-18
6.431485698997236e-16
2.6649229697972565e-11
3.753997749177279e-25
9.270611367110286e-21
4.461432755005023e-19
2.475145522568001e-12
1.4446170076479244e-17
1.5405043268855532e-15
1.148899276915727e-17
8.453909452707686e-21
1.7162607306152017e-26
1.1933490743645312e-20
4.260773433174383e-24
6.368714204858588e-16
1.2847214521941525e-22
2.0551687799705613e-26
4.073799489441522e-21
8.369001431865748e-30
4.216700835201898e-29
6.485888825254367e-15
0.7164507508277893
4.267092457155286e-09
3.865801775915223e-11
5.6525225851974253e-14
1.308418163311481e-13
0.5528441071510315
7.667392360521169e-21
1.854700621304248e-19
5.218159706449918e-16
4.8068064274219927e-17
2.39746911212535e-09
4.768326977942761e-17
8.820956853557911e-25
1.9886562429317118e-22
7.70103291730576e-24
2.6505757326131512e-15
1.9271214195281695e-14
9.611754100968817e-12
7.37117121283805e-17
6.02407908445457e-07
2.1354113528842698e-15
1.5388929019977127e-10
3.2195882676702834e-24
5.810639426568994e-20
2.4943721844416048e-20
3.0073841452906327e-28
5.3701365926655e-25
6.366042133547356e-13
1.0987170122029213e-22
1.002593634780169e-07
2.544973382221879e-15
9.164188215892031e-19
2.1964878185370613e-26
6.804821463257671e-14
3.265242645926863e-23
1.0193038080252848e-10
1.2238338858678291e-22
1.7133653386895093e-23
4.170574503576421e-17
4.535130144050498e-27
4.492011283688732e-22
6.969748231893945e-20
4.2854687238123265e-24
5.456120459182327e-25
3.750476471311599e-25
3.422424473051882e-25
4.8331868508380185e-19
4.258321969025318e-23
1.4365880564188021e-21
1.1077546135571015e-26
5.751898826606675e-24
4.462233672633127e-18
1.4193945671433851e-24
5.506493270892828e-24
8.445230569111512e-23
1.0380560698374498e-23
2.855006869576998e-26
3.055097759163871e-19
2.6860943008438834e-27
9.643581912839247e-15
8.860238300662527e-22
1.1959149835834746e-33
0.0
2.422812808261206e-16
5.81197339485623e-26
5.199640919244979e-16
1.5926049020420301e-21
1.1119298841053005e-12
7.870542904885392e-26
1.1813571454410976e-08
4.808924351002131e-21
2.68459732364636e-28
2.3101027992041077e-22
3.830378496350489e-23
7.349955335714174e-29
5.296567917682654e-25
1.5677275107527252e-22
2.58444736223858e-24
1.2769773171965734e-29
2.4145040188904886e-20
3.213553462812681e-21
5.542255491170118e-24
5.470291197552006e-22
4.122103121364211e-21
6.404352996431618e-22
4.3623005371444656e-30
1.0415264141099235e-21
1.4035317083269418e-25
2.1190586739882177e-24
6.912114698398352e-33
8.590422655800749e-19
7.159146520052673e-08
3.210556087651639e-07
5.9568440023145755e-25
1.6440246986234103e-21
8.169190550688654e-07
4.53643351065842e-17
2.0549681430600797e-23
3.8186993311315125e-20
3.8386448967392406e-15
6.808811327252418e-13
5.767712135097509e-26
1.525429167668009e-22
6.083952913453804e-26
1.605577908955007e-23
7.881501305545199e-14
1.3293352963544836e-12
9.490774191116958e-23
7.553766824924793e-20
7.899214199134341e-18
8.565963127549416e-30
4.718771512404207e-29
7.203742063336297e-32
7.746114267000788e-23
6.967237743904725e-16
3.4032032834169224e-13
5.425217903022967e-17
5.0044886971878754e-17
5.355650500860065e-06
4.5874909426757426e-10
3.634716208973611e-15
1.2254337301842444e-11
1.216020743165713e-14
3.954726024069894e-17
2.5446303397735903e-10
4.001487021018838e-21
1.1484698874597507e-17
1.233736585115608e-10
3.5204264091544257e-13
9.13596396139569e-16
3.6666894263314147e-16
2.3179878741594624e-20
1.2287629033132317e-17
1.8864133125446594e-16
5.0374000110098294e-11
1.7664869567113328e-11
6.863041198812425e-05
0.004347918555140495
5.9386775820491485e-30
5.800115574188909e-29
2.8652729902590953e-34
5.100306612182576e-27
3.8043010267432892e-22
8.006653945631901e-22
3.410321722894659e-15
3.1850449637093053e-22
2.2661035274248037e-30
1.9035742179789513e-24
1.5885432071246191e-24
6.6535334819243315e-21
8.414768429155086e-25
1.9788598780714228e-17
3.6761445904238185e-15
1.0133355414565552e-17
4.402540573084737e-22
1.161521699855549e-22
8.517589268283812e-27
1.2056198261944928e-09
4.7588776746044093e-26
4.067988548320464e-25
8.226003089517596e-28
7.34167551636422e-25
2.6194205320991417e-27
2.6267498021949368e-31
4.855245014749363e-29
6.00598880411468e-26
6.2153295192383374e-30
2.4235743530948564e-28
1.3649426627736913e-28
2.4465310566978233e-25
4.765596372022662e-18
1.476206140562774e-14
1.4073448282727137e-18
1.3472564478670357e-20
2.2229494858383356e-24
9.572531095157662e-19
5.215726667836401e-14
7.5273647707357485e-19
1.1655948422453135e-17
1.5938342224870482e-19
2.704478465424746e-24
1.1931528451512486e-19
1.0817879934517084e-26
5.749918391304118e-26
2.886398429890442e-29
1.1886971504440611e-25
4.350242433962124e-17
1.9395765899825485e-19
6.863734696637618e-20
7.101068256410187e-26
9.594668514688477e-30
2.3697361852057265e-28
6.430597377173449e-25
1.8329664615296306e-27
2.442150305749226e-16
4.0571937255534207e-19
9.471522553484627e-25
3.661771910307364e-22
7.58391990921562e-25
5.743213073609739e-25
8.586247081909013e-30
4.86021211556381e-36
4.5851453871029075e-33
1.0198261950787115e-19
7.371011790092411e-22
2.4364090542330354e-23
1.9856474740238492e-18
7.540295377303953e-27
2.4519543752728606e-29
2.2653497734178334e-24
1.5060200339559512e-21
1.0087521692253158e-20
1.4061838802829956e-16
4.361787013930189e-14
2.601313566950262e-15
9.07699924342588e-19
2.3525726341973678e-17
3.101779397180329e-17
1.0987866172484928e-10
1.300560770189918e-09
1.3273612193273581e-20
3.493321452383426e-18
3.33959375182092e-14
9.627658528188476e-07
4.603192826913016e-12
1.4109517493337512e-16
8.690619301893239e-20
1.042963567073063e-12
1.092669954516623e-09
7.080991963448469e-06
4.01233357649744e-09
3.251764240797781e-18
5.91447256542942e-20
1.9212508512229427e-16
1.5509303270522904e-21
9.552932795377322e-21
1.5956312692658924e-16
5.111158931132509e-18
1.832187179751088e-12
8.282637813453175e-13
1.4705371819808614e-15
8.193562473467197e-13
1.2000585258593183e-13
7.3584242404846e-15
1.523272203903317e-14
5.332798667543642e-18
1.3354560309702425e-14
2.3869454244373243e-22
3.6163040503232145e-25
6.828907743538671e-24
2.4921788840281474e-17
2.4300002114674424e-12
5.134028571302111e-23
5.47363847516893e-30
3.856201309035709e-21
8.871122213339266e-28
1.2256029906552179e-17
8.620667239089786e-24
1.4324508707594942e-29
1.0337173979676066e-22
1.5466268857104744e-24
8.194935681906098e-21
1.1748262886728173e-24
5.277025860908067e-26
4.784074601398945e-22
1.5302658316501e-23
1.7800597022505555e-26
7.688053986047386e-25
4.24445789638824e-22
1.1830025361325937e-24
1.8554444893194805e-18
6.039815307641977e-24
1.10956067362175e-26
3.9859852246275756e-25
6.982973236671075e-28
4.055128875949335e-18
4.4156452061729154e-21
9.693512548164025e-24
1.9297325461571022e-18
1.429837781983197e-19
8.918789197878714e-22
1.2165825502092928e-21
2.923652007967445e-16
1.6514354716622853e-13
8.914367537841641e-22
7.581382793959719e-15
3.3963299837444505e-13
4.246310498717286e-17
8.077821324895877e-31
3.874189660081253e-21
4.3357804010430378e-19
6.136964711411302e-24
1.826685547712259e-06
3.0482140791522616e-14
9.752096884247351e-20
7.008957829862858e-23
2.452024327634047e-16
1.3081290277474302e-20
1.5230387613530083e-23
1.1450437820137438e-11
3.575532141730504e-20
2.032822618333514e-18
9.989087266149e-05
0.004020831547677517
1.1318598526055021e-17
1.2373550534877653e-12
2.4101597453918266e-13
0.012837373651564121
3.2365483093599323e-07
5.527792001913667e-09
1.1942145050625186e-08
8.948897889692632e-26
2.659216937356739e-29
3.127624598833609e-23
7.686357737885934e-24
2.9299092725797697e-20
6.35903527245495e-22
4.221774839441306e-12
2.3236638195017394e-19
1.8896721373923708e-20
6.664497906346564e-20
3.766529437638705e-20
1.1083111511539937e-21
1.4920492442156147e-22
1.3428117808594347e-22
1.1332729418826874e-24
5.64716948864551e-32
5.633841202863148e-20
2.9699062934601854e-17
2.2086760204492798e-29
9.021518082696466e-28
9.680740924187288e-20
1.989220239405678e-27
3.606027642511074e-27
2.7942833769512375e-24
1.5360593235130612e-26
2.126189102969593e-27
1.4227004120262302e-25
1.9187919645697918e-20
1.6473755659674838e-24
5.9043887950295175e-24
2.1010531819145732e-16
3.0093030937389716e-28
6.838422194916542e-24
1.0027303657420645e-24
2.822873393785115e-20
4.137923192917358e-20
1.2365280487712189e-29
2.0539744939601598e-29
1.569832856264672e-31
2.635731209686998e-25
5.023949556566947e-29
3.9765284938034725e-30
7.387543480423923e-35
1.8007973952478525e-31
1.5389136909245928e-21
1.1867706297375192e-19
5.199417034540385e-18
6.032187614334169e-26
1.3231436483349747e-22
3.0197367702542067e-18
4.710801698321451e-30
7.65758472662129e-25
1.3751936059401071e-25
9.09085348662435e-28
4.902564929075165e-25
1.8773756740000184e-23
1.1959457267854802e-20
2.563807530380993e-16
5.3113675296031365e-15
6.258038792034126e-13
1.0088942349736549e-13
2.695973025904062e-17
6.626844083446621e-22
7.52676410166348e-26
5.107278212725578e-34
6.110118443603854e-26
1.47252432127512e-15
3.5025373636151884e-28
2.5022644931020856e-34
9.706310238629426e-25
3.0046685840690467e-28
1.7313414276811426e-23
1.303887285425822e-23
2.792687763775465e-22
3.1585137939566435e-28
9.208929058131832e-21
1.0729135102875622e-14
2.583113479265956e-34
1.263187404887981e-31
6.911249833686545e-24
1.0151950499359229e-20
1.5656246322342848e-36
9.862037629098423e-22
1.0812877692832276e-13
5.0636652835129197e-20
3.278972927754416e-23
2.441037823264214e-12
3.835280340292282e-29
5.133578289497411e-23
5.402672312675868e-22
3.1925397399519297e-29
2.1619933438335213e-22
1.2976055071514566e-23
3.4563933801430374e-17
4.1721696254347785e-15
9.490052150572639e-30
5.068656323308003e-18
6.4649683110823315e-22
4.983506578395535e-35
2.450428374696261e-23
7.99784163567994e-27
7.694825968923523e-34
2.434413646350497e-22
9.55937959388673e-22
2.765357590812055e-15
5.73752609645791e-23
1.1257206570654764e-15
1.1186952069822717e-16
1.62429401258461e-22
1.9108552506028764e-18
2.6034571351173695e-23
2.006568112486234e-16
5.77632596367743e-17
9.81760122520893e-28
3.419719727852864e-27
9.041784078734992e-34
1.2466649493200547e-27
6.033987063681899e-32
3.185240766389256e-29
5.662268713581823e-32
1.1869146339100177e-28
2.1973755704438544e-19
3.7455962751448584e-20
1.8908874993907342e-16
5.30819997048754e-18
6.307297924649339e-26
1.521292010279226e-14
8.551732726905931e-14
9.822598196820318e-25
8.504599953061987e-20
3.9215186002986013e-13
8.302959037123557e-29
6.450443855592242e-19
2.6662450989188066e-22
2.0920430372859539e-13
1.654291754859298e-21
5.2149259213933245e-20
4.1813612034619085e-16
3.693440534195344e-19
1.336148619891831e-22
5.562542706006264e-18
5.170960830074024e-23
1.4294984738028732e-13
1.2317457644234771e-20
5.285344453174817e-19
6.116210964286295e-24
5.089803615875672e-15
2.32489410526007e-21
2.877042616745793e-22
4.4231742555799694e-24
1.1774394992841669e-21
1.5683049730912183e-18
3.777417543663437e-15
2.837264397738977e-20
5.394050602858484e-27
4.0888369705870113e-22
1.881463298775384e-22
1.2086724336533627e-21
6.483596737555485e-20
2.0133265916810986e-20
2.702079947074162e-31
2.5845243479934312e-33
6.389033380761098e-24
4.65305700083133e-24
2.750698318899711e-25
2.8962508134104464e-27
8.608463117151757e-27
2.9879511943733247e-25
5.80532466188637e-19
2.324591081698269e-22
9.596613403005754e-29
5.550430781741616e-21
1.0310362438542556e-28
2.4642575622818615e-36
2.8078450512893974e-30
3.5882281209278494e-26
1.2617256494116258e-20
5.897660314753477e-29
3.1352667684281244e-10
1.5930557654281197e-12
1.4573718348868252e-26
8.445486805573188e-31
1.5249307225154084e-27
4.047527449813477e-29
6.789755393521194e-26
1.419117627661846e-25
1.771893977406394e-21
3.827546647547841e-15
3.49624442742678e-16
3.48382745782228e-21
6.618773756570497e-33
0.0
5.760104557742784e-26
6.458131874081474e-32
2.4953662305926286e-24
7.715754121268935e-19
4.633501927851806e-24
9.667329017857437e-32
1.4809791394568164e-16
2.445939501286021e-13
1.0755287475543598e-20
1.4697583907314285e-29
4.801822756920624e-24
2.248292280533459e-34
2.959592085575183e-32
3.535331135743242e-28
1.8140583782202908e-21
4.2200838766114675e-20
3.1340668181632335e-20
5.287416427518163e-21
1.732947927137407e-22
1.4114998197672562e-25
3.068321329473373e-25
2.535700104919509e-22
7.86211133766326e-27
6.801708447769922e-14
8.634752464239354e-17
1.3542830746405112e-15
9.208379509620693e-26
2.951942973029224e-20
2.097963899231215e-14
9.011222491389484e-23
1.4506847546704992e-23
5.376333193683624e-23
8.154060746816989e-27
1.2725978849107205e-26
6.101083105732484e-33
8.88826202687934e-28
1.5825854337455506e-24
4.679920031655461e-16
2.4588419336990966e-19
3.38303399737274e-30
1.5066030416079548e-25
5.610484298892788e-28
6.953975279870414e-27
1.6632834060271733e-21
9.07780154399657e-21
2.4603301883330314e-22
2.5239747288597937e-22
2.4576336296193097e-18
8.607035407103205e-23
5.562126680633294e-30
8.01839325819062e-29
2.2335145433991404e-17
1.8904401601154655e-16
5.437589944183249e-16
1.1529835771431586e-15
8.486050018879993e-23
4.460251364991299e-22
1.7537012152787218e-13
1.7219563810461644e-22
4.594628026801211e-21
2.4619717763223602e-23
5.386793320606848e-34
5.356255994293235e-10
9.343466755504237e-13
2.0250328826474344e-29
6.40138187502999e-30
8.586807407152208e-29
2.7216544364660408e-22
5.0368612617480176e-30
3.564559073917105e-18
7.269768589198626e-34
5.098112638511322e-18
8.987297397174826e-15
1.0707039910956804e-17
4.3649838215457395e-36
1.4639032199379657e-17
2.5941843118104657e-10
1.688350593463742e-19
1.00487145256797e-23
2.1314696253948335e-25
3.6105781816354236e-28
1.6075979142601273e-26
2.3832385276006456e-25
1.2481743921070442e-18
3.19827089709898e-20
5.053578475102386e-18
2.3897550334568434e-19
1.284281103725971e-21
6.311245310663355e-26
1.775906490001808e-21
4.7729671303069383e-17
1.422614500143271e-24
2.2669872214651315e-21
1.827084742638804e-16
1.3123669070004155e-36
1.734398962682745e-19
1.0135667014780526e-26
2.3573991125488145e-23
2.18164092432237e-33
1.3261199889759374e-22
3.759712693909444e-19
2.0032219019521672e-20
9.967256815243755e-29
3.764866095409687e-26
2.192689814495611e-31
2.8706820085175094e-16
2.100452002196107e-05
1.3351585960125586e-17
2.7363028509697074e-10
1.405554647060642e-21
2.213576821841201e-10
4.497980373277486e-21
1.224920772452398e-13
7.541829745605355e-06
1.6753803476921708e-16
5.336993465866021e-17
3.2128353702618147e-27
3.5236810500926945e-30
7.45275004093652e-30
2.6753207413760015e-16
4.682569281260388e-21
8.709858528854753e-11
2.900504663026863e-29
2.1798580297648597e-28
5.548773769943868e-23
1.2984245189515639e-20
3.3402683036143024e-22
7.928269191992285e-22
8.12586367737722e-20
3.01885003263755e-18
5.365868934843206e-21
7.803057402583261e-23
1.3475404971657424e-18
3.410046111461413e-24
2.428636205785501e-21
2.9022504131971563e-31
2.5298046671927912e-31
3.790789054240667e-35
1.6572493779135725e-19
5.873638277502857e-21
9.31696289156144e-18
4.314000864761487e-20
9.168290535189686e-24
1.7954937658612046e-25
1.1295048241194948e-32
1.5816483964126403e-26
4.924761787202013e-16
3.1012624820893776e-15
2.840013157688582e-21
5.465368867219912e-25
2.7448954146935553e-22
5.171551189131658e-16
4.041914892732482e-27
3.1636921477242644e-25
4.884702455775406e-24
1.344404364809331e-24
1.8638874994876294e-32
6.617536717472215e-18
2.490098414682789e-24
6.074428157580359e-24
3.9662318401417467e-20
2.582176706241587e-27
6.790223281057774e-33
1.958678358393584e-11
8.117009552472471e-26
8.605536474008267e-28
5.4254386387201295e-27
2.1293643028184026e-33
6.983958831320115e-28
1.5196698550003973e-19
1.0682729899934483e-16
1.1976650346133687e-23
1.3295520861162825e-25
4.5613634397367875e-12
9.749193156549267e-28
1.3723274605292614e-17
1.0913628697260262e-26
9.358093956382151e-20
1.4289866704758695e-27
6.21597259928383e-29
2.7734126985171414e-34
1.4593307031546265e-14
1.0557523009036701e-13
7.304038611711163e-35
3.5863554390945646e-25
6.815492139249881e-35
4.125010169351883e-30
1.5668513996127154e-26
6.985143607374332e-32
1.23907995486233e-18
6.3805767689359866e-18
1.4183831094122334e-23
2.214198849031945e-24
1.920048789123587e-24
1.2816982645750168e-19
8.487729188202846e-24
1.3989874997343195e-26
5.537609179324456e-23
2.8478929465856184e-26
1.2917866213642595e-17
2.6348050802781076e-13
1.1970946566244577e-22
2.3670885963843355e-21
9.491434663332132e-21
1.0941476751829592e-18
5.91936105946625e-23
1.1893088874241567e-26
9.61702573587693e-14
2.5018937523926463e-14
2.3190656727261605e-21
1.0477124568559201e-20
1.2841092765218823e-29
2.9360517348628294e-20
2.35625106447637e-28
4.644560081413581e-25
3.5288384627601976e-12
1.6501482148341094e-24
2.4168082899539423e-12
2.289640567758211e-17
7.130240408520505e-13
1.3448523368607239e-14
1.231073679751765e-28
8.511082657995445e-22
2.3869937212136513e-27
1.5965903387001798e-27
1.7625552337511086e-23
4.3968195770952315e-21
1.8165997431632585e-36
0.0
6.488980467322444e-38
1.0440282381206737e-31
1.2171203140686262e-37
3.3396035502980537e-12
6.0723861679434776e-05
3.0181250971735366e-14
5.518393843326655e-17
5.431179950221576e-10
5.863066052003506e-23
4.2152061767161756e-21
1.3522546352215474e-22
4.664289626800659e-16
8.862171877627315e-25
1.132455339928479e-18
5.9940199658486245e-18
7.912969076963343e-25
1.9963779921252495e-21
3.54660986298006e-28
9.506480339016793e-27
8.815691232566536e-14
6.41627249538289e-22
3.830592691807779e-26
7.57169680531206e-24
7.535207476918517e-19
1.5357164731511982e-15
2.724943735977475e-25
1.362809240723719e-21
1.1222936742574488e-17
5.483024449613918e-29
3.3447980027552967e-35
6.556909043870733e-16
7.815266287269005e-24
2.265081955140511e-24
8.156453965134085e-35
1.2004292454416475e-28
1.1597597288715591e-29
2.6229691162116264e-13
7.230661288867572e-19
5.112455308137106e-22
3.577399437339857e-21
3.24640319600612e-22
1.0343931933221029e-08
3.4501667869335506e-06
9.417449930992916e-09
3.2412798139924703e-11
2.3140940118987485e-18
3.620024280486913e-21
1.0225478279949904e-29
2.163203185227127e-32
7.73227595540543e-21
8.117610324285984e-23
1.672556361500315e-33
1.763676091801251e-33
4.284611725046417e-27
4.5351392560102507e-23
5.638491548537359e-33
4.506929110412117e-21
4.480104870993244e-20
3.753677765106016e-20
1.555327349385571e-20
4.105888543806379e-30
1.0
1.0
1.0
1.0
1.0
1.0
1.0
1.0
1.0
1.0
1.0
1.0
1.0
1.0
1.0
1.0
1.0
1.0
1.0
1.0
1.0
1.0
1.0
1.0
1.0
1.0
1.0
1.0
1.0
1.0
1.0
1.0
1.0
1.0
1.0
1.0
1.0
1.0
1.0
1.0
1.0
1.0
1.0
1.0
1.0
1.0
1.0
1.0
1.0
1.0
1.0
1.0
1.0
1.0
1.0
1.0
1.0
1.0
1.0
1.0
1.0
1.0
1.0
1.0
1.0
1.0
1.0
1.0
1.0
1.0
1.0
1.0
1.0
1.0
1.0
1.0
1.0
1.0
1.0
1.0
1.0
1.0
1.0
1.0
1.0
1.0
1.0
1.0
1.0
1.0
1.0
1.0
1.0
1.0
1.0
1.0
1.0
1.0
1.0
1.0
1.0
1.0
1.0
1.0
1.0
1.0
1.0
1.0
1.0
1.0
1.0
1.0
1.0
1.0
1.0
1.0
1.0
1.0
1.0
1.0
1.0
1.0
1.0
1.0
1.0
1.0
1.0
1.0
1.0
1.0
1.0
1.0
1.0
1.0
1.0
1.0
1.0
1.0
1.0
1.0
1.0
1.0
1.0
1.0
1.0
1.0
1.0
1.0
1.0
1.0
1.0
1.0
1.0
1.0
1.0
1.0
1.0
1.0
1.0
1.0
1.0
1.0
1.0
1.0
1.0
1.0
1.0
1.0
1.0
1.0
1.0
1.0
1.0
1.0
1.0
1.0
1.0
1.0
1.0
1.0
1.0
1.0
1.0
1.0
1.0
1.0
1.0
1.0
1.0
1.0
1.0
1.0
0.9999809265136719
1.0
1.0
1.0
1.0
1.0
1.0
1.0
1.0
1.0
1.0
1.0
1.0
1.0
1.0
1.0
1.0
1.0
1.0
1.0
1.0
1.0
1.0
1.0
1.0
1.0
1.0
1.0
1.0
1.0
1.0
1.0
1.0
1.0
1.0
1.0
1.0
1.0
1.0
0.9999986886978149
1.0
1.0
1.0
1.0
1.0
1.0
1.0
1.0
1.0
1.0
1.0
1.0
1.0
1.0
1.0
1.0
1.0
1.0
1.0
1.0
1.0
1.0
1.0
1.0
1.0
1.0
1.0
1.0
1.0
1.0
1.0
1.0
1.0
1.0
1.0
1.0
1.0
1.0
1.0
1.0
1.0
1.0
1.0
1.0
1.0
1.0
1.0
1.0
1.0
1.0
1.0
1.0
1.0
1.0
1.0
1.0
0.37634947896003723
1.0
1.0
1.0
1.0
1.0
1.0
1.0
1.0
1.0
1.0
1.0
1.0
1.0
1.0
1.0
1.0
1.0
1.0
1.0
1.0
1.0
1.0
1.0
1.0
1.0
1.0
1.0
1.0
1.0
1.0
1.0
1.0
1.0
1.0
1.0
0.9999998807907104
1.0
1.0
1.0
1.0
1.0
1.0
1.0
1.0
1.0
1.0
1.0
1.0
1.0
1.0
1.0
1.0
1.0
1.0
1.0
1.0
1.0
1.0
1.0
1.0
1.0
1.0
1.0
1.0
1.0
1.0
1.0
1.0
1.0
1.0
1.0
1.0
1.0
1.0
1.0
1.0
1.0
1.0
1.0
1.0
0.9999936819076538
1.0
1.0
1.0
1.0
1.0
1.0
1.0
1.0
1.0
1.0
1.0
1.0
1.0
1.0
1.0
1.0
1.0
1.0
1.0
0.9999939203262329
0.9999939203262329
1.0
1.0
1.0
1.0
1.0
1.0
1.0
1.0
1.0
1.0
1.0
1.0
1.0
1.0
1.0
1.0
1.0
1.0
1.0
1.0
1.0
1.0
1.0
1.0
1.0
1.0
1.0
1.0
1.0
0.9999959468841553
1.0
1.0
0.9999998807907104
1.0
1.0
1.0
1.0
1.0
1.0
1.0
1.0
1.0
1.0
1.0
1.0
1.0
1.0
1.0
1.0
1.0
1.0
1.0
1.0
1.0
1.0
1.0
1.0
1.0
1.0
1.0
1.0
1.0
1.0
0.9999997615814209
1.0
1.0
1.0
1.0
1.0
1.0
1.0
1.0
1.0
1.0
1.0
1.0
1.0
1.0
1.0
1.0
1.0
1.0
1.0
1.0
1.0
1.0
1.0
1.0
1.0
1.0
1.0
1.0
1.0
1.0
1.0
1.0
1.0
1.0
1.0
1.0
1.0
1.0
1.0
1.0
1.0
1.0
1.0
1.0
1.0
1.0
1.0
1.0
1.0
1.0
1.0
1.0
1.0
1.0
1.0
1.0
1.0
1.0
1.0
1.0
1.0
1.0
1.0
1.0
1.0
1.0
1.0
1.0
1.0
1.0
1.0
1.0
1.0
1.0
1.0
1.0
1.0
1.0
1.0
1.0
1.0
1.0
1.0
1.0
1.0
1.0
1.0
1.0
1.0
1.0
1.0
1.0
1.0
1.0
1.0
1.0
1.0
1.0
1.0
1.0
1.0
1.0
1.0
1.0
1.0
1.0
1.0
1.0
1.0
1.0
1.0
1.0
0.984463095664978
1.0
1.0
1.0
1.0
1.0
1.0
1.0
1.0
1.0
1.0
1.0
1.0
1.0
1.0
1.0
1.0
1.0
1.0
1.0
1.0
1.0
1.0
1.0
1.0
1.0
1.0
4.0489368302587536e-08
1.0
1.0
1.0
1.0
1.0
1.0
1.0
0.2620834708213806
0.2310408651828766
0.003007263410836458
1.0
1.0
1.0
1.0
8.705307845957577e-05
1.0
1.0
1.0
1.0
1.0
1.0
1.0
0.03663850203156471
0.9990874528884888
1.0
1.0
1.0
1.0
1.0
1.0
1.0
1.0
1.0
0.9997681975364685
1.0
1.0
1.0
1.0
0.9999998807907104
1.0
0.018993793055415154
0.03443806990981102
0.07011210918426514
1.0
1.0
1.0
1.0
1.0
1.0
1.0
1.0
1.0
1.0
1.0
1.0
1.0
1.0
1.0
0.9992627501487732
1.0
0.9979761242866516
1.0
1.0
0.9988172054290771
1.0
1.0
1.0
1.0
1.0
1.0
1.0
1.0
0.9986593723297119
1.0
1.0
0.9998189806938171
1.0
1.0
1.0
1.0
1.0
1.0
1.0
1.0
1.0
1.0
1.0
1.0
1.0
1.0
1.0
1.0
1.0
1.0
1.0
1.0
1.0
1.0
1.0
1.0
1.0
1.0
1.0
1.0
1.0
1.0
1.0
1.0
1.0
1.0
1.0
1.0
1.0
1.0
1.0
1.0
1.0
1.0
1.0
1.0
1.0
1.0
1.0
1.0
1.0
1.0
1.0
1.0
1.0
1.0
1.0
1.0
1.0
1.0
1.0
1.0
1.0
1.0
1.0
1.0
1.0
1.0
1.0
1.0
1.0
1.0
1.0
1.0
1.0
1.0
1.0
1.0
1.0
1.0
1.0
1.0
1.0
1.0
1.0
1.0
1.0
1.0
1.0
1.0
1.0
1.0
1.0
1.0
1.0
1.0
1.0
1.0
1.0
1.0
1.0
1.0
1.0
1.0
1.0
1.0
1.0
1.0
1.0
1.0
1.0
1.0
1.0
1.0
1.0
1.0
1.0
1.0
1.0
1.0
1.0
1.0
1.0
1.0
1.0
1.0
1.0
1.0
1.0
1.0
1.0
1.0
1.0
1.0
1.0
1.0
1.0
1.0
1.0
1.0
1.0
1.0
1.0
1.0
1.0
1.0
1.0
1.0
1.0
1.0
1.0
1.0
1.0
1.0
1.0
1.0
1.0
1.0
1.0
1.0
1.0
1.0
1.0
1.0
1.0
1.0
1.0
1.0
1.0
1.0
1.0
1.0
1.0
1.0
1.0
1.0
1.0
1.0
1.0
1.0
1.0
1.0
1.0
1.0
1.0
1.0
1.0
1.0
1.0
1.0
1.0
1.0
1.0
1.0
1.0
1.0
1.0
1.0
1.0
1.0
1.0
1.0
1.0
1.0
1.0
1.0
1.0
1.0
1.0
1.0
1.0
1.0
1.0
1.0
1.0
1.0
1.0
1.0
1.0
1.0
1.0
1.0
1.0
1.0
1.0
1.0
1.0
1.0
1.0
1.0
1.0