1.0
1.0
1.0
1.0
1.0
1.0
1.0
1.0
1.0
1.0
1.0
1.0
1.0
1.0
1.0
1.0
1.0
1.0
1.0
1.0
1.0
1.0
1.0
1.0
1.0
1.0
1.0
1.0
1.0
1.0
1.0
1.0
1.0
1.0
1.0
1.0
1.0
1.0
1.0
1.0
1.0
1.0
1.0
1.0
1.0
1.0
1.0
1.0
1.0
1.0
1.0
1.0
1.0
1.0
1.0
1.0
1.0
1.0
1.0
1.0
1.0
1.0
1.0
1.0
1.0
1.0
1.0
1.0
1.0
1.0
1.0
1.0
1.0
1.0
1.0
1.0
1.0
1.0
1.0
1.0
1.0
1.0
1.0
1.0
1.0
1.0
1.0
1.0
1.0
1.0
1.0
1.0
1.0
1.0
1.0
1.0
1.0
1.0
1.0
1.0
1.0
1.0
1.0
1.0
1.0
1.0
1.0
1.0
1.0
1.0
1.0
1.0
1.0
1.0
1.0
1.0
1.0
1.0
1.0
1.0
1.0
1.0
1.0
1.0
0.9901780486106873
1.0
1.0
1.0
1.0
0.9999997615814209
1.0
1.0
1.0
1.0
1.0
0.9999986886978149
1.0
1.0
1.0
1.0
1.0
1.0
1.0
1.0
1.0
1.0
1.0
1.0
1.0
1.0
1.0
1.0
1.0
1.0
1.0
1.0
1.0
1.0
1.0
1.0
1.0
1.0
1.0
1.0
1.0
1.0
1.0
1.0
0.9999995231628418
1.0
1.0
1.0
1.0
1.0
1.0
1.0
1.0
1.0
1.0
1.0
1.0
1.0
1.0
1.0
1.0
1.0
1.0
1.0
1.0
1.0
1.0
1.0
1.0
1.0
1.0
0.9613650441169739
1.0
0.799791157245636
1.0
1.0
1.0
1.0
1.0
1.0
1.0
1.0
1.0
1.0
1.0
1.0
1.0
1.0
0.013689631596207619
1.0
1.0
1.0
1.0
1.0
1.0
1.0
1.0
1.0
1.0
1.0
1.0
1.0
1.0
0.9999994039535522
1.0
1.0
1.0
1.0
1.0
0.9995669722557068
1.0
1.0
1.0
1.0
1.0
1.0
1.0
1.0
1.0
1.0
1.0
1.0
1.0
1.0
1.0
1.0
1.0
1.0
1.0
1.0
1.0
1.0
1.0
1.0
1.0
1.0
1.0
1.0
1.0
1.0
1.0
1.0
1.0
1.0
1.0
1.0
1.0
1.0
1.0
1.0
1.0
1.0
1.0
1.0
1.0
1.0
1.0
1.0
1.0
1.0
1.0
1.0
1.0
1.0
1.0
1.0
1.0
1.0
1.0
1.0
1.0
1.0
1.0
1.0
1.0
1.0
0.9999978542327881
1.0
1.0
1.0
0.9999897480010986
1.0
1.0
1.0
1.0
1.0
1.0
1.0
1.0
1.0
1.0
1.0
1.0
1.0
0.9855303764343262
0.9999980926513672
1.0
1.0
1.0
1.0
1.0
1.0
1.0
1.0
1.0
0.9999997615814209
1.0
0.9999996423721313
1.0
1.0
1.0
1.0
1.0
1.0
1.0
1.0
1.0
1.0
1.0
1.0
1.0
1.0
1.0
1.0
1.0
1.0
1.0
1.0
1.0
1.0
1.0
1.0
1.0
1.0
1.0
1.0
1.0
1.0
1.0
1.0
1.0
1.0
1.0
1.0
1.0
1.0
1.0
1.0
1.0
1.0
1.0
1.0
1.0
1.0
1.0
1.0
1.0
1.0
1.0
1.0
1.0
1.0
1.0
1.0
1.0
1.0
1.0
1.0
1.0
1.0
1.0
1.0
1.0
1.0
1.0
1.0
1.0
1.0
1.0
1.0
1.0
1.0
1.0
1.0
0.999987006187439
1.0
0.9999998807907104
1.0
1.0
1.0
1.0
1.0
1.0
1.0
1.0
1.0
1.0
1.0
1.0
1.0
1.0
1.0
1.0
1.0
1.0
1.0
1.0
1.0
1.0
1.0
1.0
1.0
1.0
1.0
1.0
1.0
1.0
1.0
1.0
1.0
1.0
1.0
1.0
1.0
1.0
1.0
1.0
1.0
1.0
1.0
0.9999977350234985
0.9999997615814209
1.0
1.0
1.0
1.0
1.0
1.0
1.0
1.0
1.0
1.0
1.0
1.0
1.0
1.0
1.0
1.0
1.0
1.0
1.0
1.0
1.0
1.0
0.9999998807907104
0.9813486933708191
1.0
1.0
1.0
1.0
1.0
1.0
1.0
1.0
1.0
1.0
1.0
1.0
0.9999990463256836
1.0
1.0
1.0
1.0
1.0
1.0
1.0
1.0
1.0
1.0
1.0
1.0
1.0
1.0
1.0
1.0
1.0
1.0
1.0
1.0
1.0
1.0
1.0
1.0
1.0
1.0
1.0
1.0
1.0
1.0
1.0
1.0
3.540298448162293e-20
2.568616570526941e-14
6.433900125557557e-06
0.0005735160084441304
1.9042856484394188e-13
3.722893437278637e-18
2.0684214891038788e-26
9.552877945547892e-17
3.181195499014108e-15
6.351705554293901e-32
1.1458416070901471e-14
2.49865336159939e-31
2.4878101264119692e-24
2.712885984522627e-29
3.4928192352079003e-23
8.676669030109503e-21
2.293430788165581e-20
1.455424073216886e-23
7.993735811883491e-24
2.1475177830411387e-15
2.1587354307908765e-17
1.046364036135185e-17
1.0647064544102316e-21
5.658733200173283e-15
3.3022320602537746e-16
1.2697242439755967e-23
1.0862871969133903e-26
1.664814849344165e-19
7.814783874011054e-18
5.639750008103968e-29
7.805682721776557e-29
3.872066310067049e-19
2.1966240141397526e-24
2.7628197581963384e-20
1.088471943098184e-21
4.4847903967989594e-20
2.319639559568378e-22
4.690450317247908e-22
3.969879835890076e-20
1.9920669949750757e-26
3.6988926020149617e-29
1.8002209519278846e-38
1.638473877273479e-18
1.9627137000937412e-22
4.450603514200013e-12
0.07332047075033188
5.947554548858016e-26
9.429384562156116e-24
1.5229696886921471e-22
8.172167522362385e-16
2.4026214159103866e-22
4.9326711275955846e-26
2.1773606680673685e-13
4.62831332146546e-22
2.3224840531530856e-20
7.810206203561626e-15
2.2220605579272873e-23
2.5595156598481027e-25
8.200406276850474e-29
6.693449775097616e-25
2.2525097535496856e-17
7.570440330381418e-20
1.1045263878768445e-19
1.072923800734309e-25
2.943122351775247e-31
5.5235635677049815e-21
9.239745398212424e-23
3.911303639470786e-26
2.8095444561255415e-33
4.845692402225202e-31
2.354109436513818e-16
3.137819584737196e-22
6.776462692837768e-24
7.669252866878027e-24
7.64777362679476e-18
1.9733055776959626e-23
4.05524416424721e-19
1.2321526923260925e-23
2.1359039017159176e-19
8.442230846633319e-24
4.1933924687472593e-22
2.2231864578976804e-32
5.817634977424355e-32
3.216832700493199e-35
2.207205906071839e-33
0.0
0.0
5.820518977131069e-25
1.889767728451909e-18
1.6457852875656487e-13
1.2624066559902697e-13
2.5548424476404696e-18
1.7976558216721387e-14
1.3404782587211027e-14
4.455553703763826e-09
1.6249084658100175e-21
2.463416656076821e-17
2.5682530239859794e-15
1.5144623836255144e-14
1.1876258440221554e-13
8.67269072583974e-15
9.564658093319522e-13
6.445497781337739e-12
1.2673196842535699e-15
2.731262767679616e-16
1.803592323233738e-12
9.573361163467617e-36
2.300387299768231e-28
3.128271868672674e-21
4.649713085718414e-20
2.9190753472082774e-21
1.3475315930976168e-31
1.5841831896253138e-20
5.4064520509563824e-27
3.882969429419899e-18
1.3331655710076864e-29
8.920960164548593e-31
7.947083366809626e-27
4.260948783145392e-18
1.3603870587562217e-16
4.0669044115398895e-29
2.554493524806433e-24
1.1186155678423526e-21
1.4850739181688254e-25
1.9868250758896403e-24
1.0664531691592336e-23
1.7306376173411014e-20
1.3244876148819817e-21
1.8159118921140853e-23
2.49366367322768e-16
1.0941863748279175e-16
1.2355604925505567e-23
1.5120545326862187e-26
7.414499868534774e-29
1.6110898239880153e-20
7.350622954244941e-23
7.202746011145438e-19
3.754518728696305e-22
3.1432962231727003e-21
2.6097771513300394e-11
2.941283369341458e-15
4.061999812150866e-24
1.4593638388519126e-18
2.2836543857422565e-19
4.0207851301266206e-27
1.2182105096816137e-13
1.4075037761972946e-19
1.6880894464253228e-23
2.0620134459186536e-29
1.1131183187641433e-13
1.576688947587876e-13
2.158666637400778e-27
3.0641673226528e-11
2.38257933618969e-14
1.0838541776018034e-17
1.364295492534479e-23
7.166754138649255e-28
9.506243503800414e-31
4.6978688914183516e-20
7.807811568627844e-18
6.38027800163849e-20
3.8605519526586494e-24
1.6460789189953575e-26
2.2153878164905088e-26
2.557905662884876e-17
4.416381926527745e-23
2.8013774253573053e-19
6.705243582594278e-10
1.1430391053647786e-21
3.2538083204136734e-20
1.4834980222952777e-20
1.5619071553967748e-15
1.789243105246542e-19
2.5207012296018334e-16
1.1417802600648887e-20
1.3412039330228391e-15
7.978494084173567e-19
1.0179000654517156e-12
1.1344366525625028e-16
2.1512007453150517e-10
1.0785139846530672e-23
7.02381999456077e-21
4.111269559499824e-20
4.1820691874805416e-13
5.6756000105270815e-21
2.0584237439558173e-12
7.713835538207536e-13
3.0018863375231363e-27
6.774003320358128e-25
1.704636605481813e-11
1.6548019774710204e-22
4.104185600438365e-28
1.2865857387724688e-21
1.2336350913461616e-29
9.152332661197215e-29
2.5613251785747826e-23
1.150188782096181e-24
8.882151923852806e-30
1.0688260227027956e-26
5.388069126674404e-26
3.882373174369916e-20
2.095332072987449e-22
1.5495070908311462e-26
8.932848268056877e-30
2.2457030708545316e-27
1.0038370192629537e-23
8.78510643074281e-22
1.89373640758565e-26
3.38336857114083e-23
6.7821744402220205e-25
1.1303284199463368e-24
1.0856509670347827e-23
2.3328746275531834e-26
2.7267522924200682e-18
8.842732049936399e-30
3.1521861800133084e-26
5.708590091739105e-26
2.7493470451184666e-31
1.77068337252858e-22
5.703480910826925e-24
1.6043901999761062e-23
2.4863661617866454e-18
1.1146122237039234e-20
2.693323222807061e-23
8.216323476583772e-34
1.836634479738207e-19
1.0593813269667667e-24
5.891528772435701e-19
1.6716496876493258e-19
3.640119889541937e-12
1.8941157670093745e-11
1.6680349838527e-15
3.098325225938184e-14
6.883808236070735e-31
0.0
7.573949792057371e-24
2.320735473735202e-31
4.458372362128555e-33
9.049913278891316e-22
2.1885778301217245e-24
4.647346068235814e-31
1.4067752225708358e-13
4.771713521545002e-16
4.817298236499169e-28
1.4671299801894606e-23
2.1050517810887e-28
3.474208523025456e-27
1.989934962793248e-24
5.597518632001027e-17
8.827738751581923e-14
5.388337641821984e-18
5.096562494949497e-12
1.6558460332050107e-12
4.391818715305856e-16
9.867372676185043e-16
8.674733359562642e-32
1.8725854455262522e-21
3.5750608244764496e-24
1.6497622403409247e-34
6.599553807035117e-28
1.9966312434864229e-19
8.400738056750578e-21
5.9462989049528946e-21
3.775875943699434e-15
3.638272498722944e-20
9.164531113159402e-13
2.5171061372235554e-17
2.1425004646477652e-24
2.3595032806843558e-24
1.4978219793830832e-20
8.037602844567803e-27
5.4239019552830905e-14
6.363284771488067e-21
7.653632728019232e-20
1.7774193678525973e-27
2.5713361858450156e-26
8.667950378457375e-25
1.2805359393295787e-14
6.315503297327052e-20
0.9999814033508301
3.57484859705437e-05
9.182171822885721e-08
3.73909194977814e-17
1.2980055306455556e-17
3.170534711399452e-30
1.0667139155180969e-30
1.753504710547152e-27
7.155703898157787e-17
6.779601381053025e-21
4.0222963639050017e-23
6.202618346872853e-20
7.046464970626156e-15
3.1298924161639386e-23
4.128039677067056e-19
1.5735189074504258e-25
4.280548105308397e-25
4.5599671532804343e-29
1.6982288570943638e-06
2.304407706321676e-11
4.51139343002746e-17
8.312652595345721e-15
9.229637081752488e-30
6.101841655451312e-36
2.7796438934873723e-24
4.3043218461716716e-26
1.4533888889837984e-29
3.34295956885678e-21
7.448704219680081e-25
6.622140831620821e-23
0.0
1.2689724989759664e-25
6.415225684008874e-09
1.0217169688075955e-07
1.0994459354565636e-23
5.324504941131879e-18
6.701577515144663e-09
3.840358203888172e-06
2.977243332031323e-26
5.951338269345358e-28
1.0124419925245418e-19
1.482031830691867e-29
4.257466512852257e-28
7.827200963904094e-24
2.8762863949027474e-29
1.7151697203894416e-16
1.6345007292084546e-10
1.1930995075113755e-17
1.5088819950437315e-12
3.9683113075782196e-17
3.2672903172156346e-28
1.9220425623308295e-16
1.0345699988339695e-21
8.42802128447419e-21
1.1984788388836897e-30
3.026165874293608e-29
1.4082273330510798e-21
4.7576103375126975e-23
6.2113191904633614e-24
8.96080355103755e-22
5.040064863969385e-25
1.2296215829635108e-16
3.5672196533470535e-12
5.816990824335027e-17
1.5968613199239832e-16
2.4570824164318003e-24
4.0676914995227496e-16
1.9644238913716924e-27
1.6781941183510557e-17
1.1164030411237036e-06
6.087715127422812e-18
9.041339694013871e-18
1.2663830236115331e-21
7.754230944449722e-19
3.591345993273185e-21
1.384041943169609e-23
1.8981080846891627e-15
1.1212298789615473e-14
4.2163536551065306e-11
3.8490666048338e-17
9.878387330503738e-20
1.504854185890456e-21
3.9473694972408755e-25
7.142540001456129e-22
1.5263638741607952e-14
3.719301366264605e-26
1.8341741798421328e-22
1.8272264231034744e-21
2.7982660633085743e-10
1.0491898505437887e-17
8.076237881255896e-19
3.711269098245983e-24
2.359955666569728e-37
5.2449341113366375e-34
6.222927132313013e-28
1.7625847220028345e-20
1.3362978395584852e-20
2.5366817727976894e-26
2.3817432449807318e-29
8.247759549727361e-26
7.364141500115462e-33
6.604896625590339e-27
2.3904855890340926e-18
1.059478356858109e-24
4.1914400822637445e-30
7.392608364524721e-30
4.348015920954603e-21
6.362358838111955e-22
8.225737634741501e-25
2.680925452508865e-19
7.298752485175497e-26
1.0492848755015951e-19
4.167994663946628e-26
3.209670209722508e-30
1.5818812172687924e-29
4.866645114110535e-23
3.1427087553011385e-21
5.17104487847031e-21
5.309048683279382e-26
1.3999121968786185e-17
3.680469453617589e-21
3.941553989009607e-21
1.286873003089572e-17
4.6639694391474025e-31
1.609795785512662e-25
1.034743674450863e-21
1.6783161527200718e-09
4.088100758386842e-16
5.929782858657306e-22
9.960428137632513e-19
3.441453434577761e-21
9.04934514798216e-18
8.280272219838083e-16
1.2752333807308688e-16
1.5299289060020366e-21
8.004206204906308e-23
1.0398963270815042e-20
9.160103804822397e-18
6.783431238596704e-13
1.327611482821686e-17
3.842389602929272e-18
1.5693403964229815e-18
1.1717344666839394e-23
3.6752174599234894e-16
7.760796561314891e-20
1.7080709066650927e-14
1.124142678861983e-28
1.5527090032897284e-25
3.8727271498282964e-21
2.043624435472356e-31
5.1575766042692595e-26
8.897341900023054e-23
4.493500891338117e-15
1.91180166315974e-12
7.442294901822879e-15
1.9034724907385225e-09
0.008880374021828175
2.2776036701088742e-07
4.9937691809117394e-18
4.715136972272688e-14
1.2330753280422047e-14
3.137313542636577e-13
3.806585917295527e-19
1.5263706245605135e-06
1.0702994823697683e-25
1.734709560219877e-27
9.251525300337909e-23
2.339191562214977e-27
7.997036651129966e-30
3.8922262957250835e-24
2.715822548191252e-17
2.8539309393688206e-17
5.307501671231868e-14
1.2467325129017878e-18
2.537263732449446e-10
3.1813734979735386e-10
2.701598666998706e-10
1.1713140848057909e-16
1.579655718728391e-22
2.6117876865435462e-27
9.328900353680557e-28
1.4702304976343246e-20
8.041908472478099e-09
3.628674418756728e-31
1.2906211766830648e-29
3.148246004681004e-25
2.437626345495882e-24
2.3075190674879607e-32
8.584751815713815e-20
3.1552523181016534e-12
9.849877125956211e-14
8.488596929190624e-18
1.1346208261125978e-12
2.4139998523071375e-18
2.3457983558528035e-17
4.5806884791081645e-25
2.673748783292314e-24
4.7871097241680324e-20
3.7265901627579756e-13
2.5615701457903798e-15
9.79950195188916e-26
4.7692083724896485e-21
4.195425628774049e-29
1.7728755213348045e-27
4.905019966583435e-12
2.1595683354932684e-16
5.95581673265544e-19
5.070256555901775e-20
2.5595760714138655e-16
1.033953742834656e-15
4.235249439566227e-17
1.60088858836005e-10
3.953130716923079e-15
6.027448902224603e-26
1.1354210061832997e-21
4.845076423398709e-11
4.82941188125266e-14
8.11060434057533e-18
1.5898639821470887e-25
1.4010804235548013e-12
8.060057153139562e-17
0.000553685415070504
1.1160856960845678e-10
2.028115739585723e-12
3.9489668617730545e-17
1.7100265512229645e-18
1.0454845877916341e-09
3.8656641776491085e-10
3.0182098428199093e-15
4.4666290251963586e-14
7.249805817526392e-14
6.756181031297714e-11
6.303398341483968e-12
1.2314754749604829e-24
2.7323614482099856e-09
8.608986268957058e-20
3.7293083749961245e-23
1.6664016911439778e-21
7.726316256416892e-22
4.837892784740409e-18
2.42004532721301e-28
9.195782140521412e-25
2.4343663376617548e-15
2.180228924914679e-16
4.855232248138322e-19
8.907849855446735e-20
1.380369920147917e-26
2.168327297368158e-23
9.480548352547824e-20
5.300408191176883e-26
4.396198107871896e-29
1.1430192690628864e-25
6.1928319732230345e-27
6.4187582499903e-33
3.3593585033154464e-15
8.24196623116728e-20
3.6445531260176943e-19
5.656892994625594e-17
1.9200171159671036e-34
3.4350200461830127e-10
3.6559460364438005e-25
2.7673821847453926e-31
1.4601590336144055e-12
5.116435206067255e-22
3.655743345317181e-29
6.213047179406781e-32
1.244783520282248e-19
1.3692475581852727e-32
9.685322265115669e-36
6.651402541013446e-32
1.4500946459992348e-28
9.013768923009291e-30
2.397537617583908e-24
1.2066480501209146e-24
2.2727885929145482e-21
1.1718521765562082e-28
2.030129692840176e-37
2.1237992554222207e-33
5.087826032438088e-29
3.8188633950049055e-33
2.1705258564470542e-18
5.634341983175867e-18
6.697801740268374e-37
0.0
1.2398939557688804e-32
0.0
0.0
7.277165787746541e-37
8.054175856925244e-27
0.0
4.300426782441878e-21
1.4996617633101323e-29
5.3082118532881925e-36
4.993586941091882e-37
1.0901839280959047e-36
1.1135456345289811e-27
9.961119213548733e-25
4.232882719444878e-21
1.305091639369823e-23
2.3877454871673995e-23
1.6572089498650308e-22
8.851513524294332e-21
4.2014121959255135e-08
3.205596840416547e-06
2.3133127688907606e-22
3.903188338418471e-22
2.0860129895150382e-33
1.464478616712408e-32
7.208186476949863e-27
3.1617207080552913e-28
9.70272256501352e-32
2.0345304879134484e-32
3.505864907382173e-36
2.997476176122241e-30
2.162059939388325e-29
1.3059241947239904e-29
2.568139931206136e-34
3.065978778346164e-34
1.0725871712911894e-27
8.349739272078871e-23
8.778248101800721e-20
7.157569000769165e-22
2.183508028121338e-31
2.2020192445294898e-16
2.095515254035645e-15
3.191548345977034e-17
4.20471046914691e-25
8.302119135830445e-33
1.8521323143595632e-21
2.1523626659156455e-17
4.8561302293326634e-23
3.479487111817033e-27
3.7840840066190544e-28
5.938701404507373e-22
2.4376889736561855e-26
1.9511841548177065e-33
1.161010474601616e-25
6.292762741060619e-32
7.894898436470212e-35
8.946307837473662e-25
1.5448072518148373e-21
2.4179093588155616e-24
3.540187548653947e-29
1.538575204318013e-26
3.090769044458777e-26
0.0
0.0
1.820348924091972e-25
5.2215861842674904e-12
1.3749872740060924e-20
1.7957970434362168e-23
5.789080996513362e-23
7.978307580794831e-20
3.577028183067909e-15
1.0794814461122194e-15
3.2116180904004734e-22
9.445308735456047e-29
1.478008903449164e-18
1.4080081896671399e-27
1.025844581910719e-23
7.213515838069598e-29
2.331469617949171e-33
7.438126214127545e-29
9.345360891729246e-27
2.7657121588037757e-14
2.4799073287686782e-17
7.917812304268165e-22
3.374393937280402e-25
1.5028822244686336e-19
4.207936928356461e-17
6.70750776946672e-25
2.471616661336995e-12
1.423313874639556e-25
8.51000884413389e-30
4.328109870499475e-09
3.048848771527551e-17
1.7965424881837126e-17
1.8330048850295766e-12
3.797711108845828e-33
4.135048025944063e-29
1.7867819026346015e-33
8.842494610093572e-23
3.34974221888152e-26
4.0207327237672745e-30
3.566503859666561e-33
5.563358484010421e-37
2.3900656565121468e-26
2.1958511831346447e-26
5.936456621915476e-23
1.1444306054520904e-29
2.452011671688706e-28
2.39718589416744e-20
3.520954306491406e-22
3.026891746757218e-30
2.8997205687982544e-28
2.5091657010496183e-34
7.217532022114569e-22
5.899331420092097e-27
1.6803878289620863e-21
3.746359997892929e-24
1.420353682699376e-16
3.9128524909449867e-35
1.1842827208186818e-35
4.761269154673634e-34
4.601917267032043e-32
5.6009259085787945e-28
2.265908001901098e-27
2.4307018349103786e-22
4.187513963109619e-20
1.8815096798523064e-26
3.892529295645223e-36
3.642974806440013e-23
5.454111426323805e-29
5.659042174443357e-35
3.952925758908114e-27
3.938283702814865e-33
4.294050060024404e-21
2.61508353798054e-30
2.5903365706275224e-34
2.1054942153451742e-27
4.633246283034882e-35
9.376963861372685e-27
2.1456300681446618e-34
1.1164592776453474e-27
1.4602121433672154e-23
4.4139644986452525e-27
5.649069545433668e-23
1.3413103537314411e-24
4.141287485259019e-27
5.485528109045222e-24
2.0183727328250766e-26
2.8881305149859265e-27
9.989014548344641e-17
3.9219624075473895e-23
2.829067883022596e-23
1.4951693656033913e-25
2.548136494414502e-18
5.199863997687277e-29
1.9485192092532903e-35
1.0765201130495e-16
2.9167616244841514e-20
7.466659186920977e-24
2.994946418450372e-25
1.9927442806771598e-14
4.334726510904099e-17
7.600586555533279e-14
9.650841324010395e-13
7.695352767498548e-27
6.109619738489229e-29
3.028272463689016e-26
2.6924342696278117e-27
2.3192477086909275e-24
1.3445818276981267e-27
6.687140553898525e-19
3.7662703359676863e-13
4.235809430627622e-27
2.7445707826538387e-22
1.553484367277899e-26
5.850648364810984e-29
1.8404323407611965e-15
4.8435694440429524e-15
6.0805159759122486e-27
1.1049468902780274e-13
1.1730678624014627e-37
5.206374844605521e-29
1.2399569405930983e-22
2.1873330569170924e-25
7.10477065180941e-36
1.0472090592532641e-35
2.189822631833518e-16
6.995353657431986e-33
2.7623183704228576e-17
2.0705855872489087e-25
3.0297027973706104e-20
3.165103762929444e-33
2.7765336199081503e-05
4.258284971448863e-25
4.291383291121844e-20
3.584396674463717e-19
3.9381296712999647e-20
3.1294982803802634e-38
2.2942760508456532e-38
2.7856541629741223e-30
1.2402763955090807e-33
9.48683266338124e-22
9.860323743979283e-26
1.1101020822223985e-34
7.45482944342335e-29
9.182759777737039e-21
5.715080013428504e-27
1.6645195447547674e-23
6.17293818863901e-23
7.8698771271862e-21
9.8141918141798e-21
1.999964047304162e-25
7.750098319413461e-32
9.575498811424024e-32
1.6857346949549013e-30
6.767510305625239e-28
2.4722116976324455e-30
2.829608806263468e-37
5.961914852887788e-17
2.1834421878565547e-23
1.602266538032744e-32
2.647271731970793e-23
0.0003936855064239353
1.1643673242723643e-26
7.050058507904883e-14
4.743759829395344e-10
2.013559029433226e-18
2.013559029433226e-18
1.2136319343224493e-25
1.1002814811501556e-22
1.0114876938068606e-28
9.395637334819185e-08
5.308260354672257e-18
1.3295628161803796e-13
1.0548698511713304e-22
1.6927684948209176e-11
1.8939853635766392e-15
5.214351677102454e-19
1.2042734016106444e-27
6.184193127729512e-34
1.244443468400379e-16
2.2104870593729706e-15
8.525893775091701e-16
3.165724400436791e-30
0.0029989785980433226
1.4468518614099701e-12
8.416170468170947e-20
2.3422597632190853e-15
1.6797367481549211e-18
2.052766255038701e-31
1.89825679627672e-26
1.676547899505326e-34
1.53683411436216e-32
2.5356439758175066e-28
1.4334866163174822e-33
7.535066246393349e-26
3.5113177059733165e-33
8.62874855207e-27
1.2622670826739746e-24
3.2647418967146056e-32
1.3223353418854814e-31
1.6875576632984276e-20
7.845607504709422e-26
5.7711737611043645e-09
5.961866628258076e-18
1.892048099964595e-17
9.549460393755608e-23
1.832747736073259e-29
4.3639037663880164e-20
4.894534818098081e-23
1.7069075111228162e-30
1.2789049202925998e-26
2.988914755625755e-21
3.11449089306563e-24
1.7262116860955438e-22
1.8492568848055964e-23
1.1101585284988065e-24
1.8053428627206643e-17
2.519548209439545e-23
7.994663461820933e-21
1.954087212007804e-20
1.8741770288488446e-12
6.995445841624998e-22
5.3393979372402714e-24
1.2700187845184977e-17
1.7885034248331606e-22
1.6301541999350278e-29
2.9882946446899353e-24
1.6740976441657152e-37
1.964966201599724e-32
2.7387913892478947e-19
1.4541920302551118e-23
5.339323594225895e-29
1.4549966418672834e-38
1.1521413163795291e-12
4.626522082043815e-18
7.86110963140653e-30
2.4512273367188544e-27
3.896539356998379e-29
1.5521170691830708e-17
9.101059759771636e-27
3.927296028656221e-21
4.112162802268017e-28
1.1210561992602841e-11
1.0488481338316899e-20
2.014178329218087e-21
1.5824143348503512e-34
3.765131351333515e-30
1.3369671643833599e-18
4.5655240148748505e-27
6.939783288501845e-16
2.7174039882754826e-20
1.1189371020745982e-26
5.890797983810008e-23
2.2885320288395633e-24
3.2306619057208483e-31
8.871679974854774e-13
1.1292742020098176e-21
1.310565166537917e-22
1.2013087935731249e-28
2.691226148182624e-13
1.544853481250108e-11
1.2438343523028904e-26
3.671211797731064e-30
4.427607015999314e-27
2.8111089172429866e-26
1.4826274309598375e-05
1.5373588503337978e-36
1.3474818770621153e-36
7.907351894280104e-26
1.3393196660454607e-19
1.9879520509092102e-19
4.579889441897266e-23
1.0132925280647024e-18
5.588119198401063e-21
1.1622845047520869e-10
2.210723261410672e-30
2.210723261410672e-30
9.186177530346804e-17
8.76221356105555e-22
8.016694664547686e-06
7.437031546153605e-11
1.6899164205139108e-19
1.4668714824003006e-32
8.441296550643074e-09
8.423788930346772e-26
3.5615771847440796e-21
4.139855416978757e-32
2.1932244432046333e-13
2.1932244432046333e-13
2.7123347576820344e-16
1.9212831148252008e-07
8.588649258115618e-20
1.6899164205139108e-19
5.101581049965498e-12
3.01737123785048e-14
2.1654688675890044e-14
2.5988524597824554e-16
6.70360956415289e-13
4.4968152465574285e-13
1.704538927505808e-15
9.270470811029637e-21
2.598125320218969e-06
0.0024322636891156435
0.0024322636891156435
8.406422280777848e-26
2.1988245878571852e-28
2.239822739395861e-22
2.0620229728360368e-20
8.441296550643074e-09
2.0060894075561132e-20
2.842290812429944e-20
0.9994485974311829
1.110260479363293e-16
1.110260479363293e-16
2.0450501597469046e-25
2.839510744799821e-24
2.449356486522447e-07
5.861399473422457e-12
1.735680792613794e-14
4.13648467413334e-21
8.423788930346772e-26
1.4668714824003006e-32
3.5615771847440796e-21
8.751145379103936e-17
3.170223207277275e-28
1.230976066401148e-19
4.139855416978757e-32
7.587787858790304e-20
4.339917338081569e-19
6.322367759534209e-14
1.8697615381567014e-18
2.1932244432046333e-13
1.0559655221706972e-21
1.0559655221706972e-21
0.0002811773447319865
9.29227091272566e-23
9.29227091272566e-23
2.803612273453058e-26
3.460200869238164e-20
9.591291578027322e-32
9.591291578027322e-32
2.7123347576820344e-16
1.584658264381632e-23
1.6238336282914183e-17
1.6238336282914183e-17
2.1801364966794745e-13
0.42588502168655396
3.7769543225204074e-16
5.608298970259016e-29
8.305421686833248e-16
1.9212831148252008e-07
1.049430063793674e-17
4.09125986661171e-20
5.367773792476248e-28
5.367773792476248e-28
6.437394150851029e-18
2.6824570614235377e-21
3.9748209064438544e-12
1.061360023238661e-15
7.930070517524407e-18
6.143883999737613e-21
2.903376060869899e-26
1.8393998068828109e-31
3.699606648674044e-17
8.76221356105555e-22
2.7484026166035846e-09
2.0908229998894967e-05
2.0908229998894967e-05
2.291800595114256e-23
2.291800595114256e-23
7.452511025756717e-18
2.3869744619142075e-28
1.5875751124347771e-15
2.2600970845266383e-13
2.133282649622161e-26
5.6778909678578075e-15
2.1204046819160022e-13
1.2003294124469704e-19
9.186177530346804e-17
9.186177530346804e-17
3.368531976013329e-16
1.1297094007940099e-21
1.0752131606936444e-12
2.7842695273165554e-25
1.0464982623454431e-20
3.895325853410216e-19
3.895325853410216e-19
3.895325853410216e-19
1.8729859514472064e-13
8.605778867298852e-10
2.070356663885775e-10
7.427962108253426e-25
3.302411715941887e-14
2.3063955316028034e-22
1.0301016574597926e-26
1.272453826855513e-31
1.272453826855513e-31
5.575848760486224e-08
6.221459111777072e-12
3.5862558582511195e-12
0.0023207722697407007
1.3176623991926576e-31
5.691653191916603e-18
4.726539604149593e-09
9.180794012091875e-22
7.668492507661995e-09
3.1121738971742055e-32
3.097512667231883e-16
1.4119805565332786e-23
1.4119805565332786e-23
1.6292556731296115e-18
8.456968374833014e-15
1.1180339918878213e-16
1.7215543635782689e-16
1.1552030989937605e-29
1.1552030989937605e-29
2.340009841407357e-22
2.705339952058239e-08
6.536668342022045e-12
1.5114743224381444e-12
2.657464413138359e-20
2.657464413138359e-20
5.057076380376134e-15
3.747009025314091e-21
7.278817986371607e-18
6.574488418597608e-17
1.1329977076977513e-14
4.0742968538103685e-36
0.0
1.9104690712670534e-33
9.599034176575228e-28
7.896276040659063e-37
1.7294386212220396e-25
4.946584700105376e-38
2.317000017174518e-33
2.4164444739519587e-38
2.2363509457195847e-16
1.373108804339789e-23
4.816440269144153e-18
2.2222272545074094e-33
6.719510270440357e-35
1.7279614791770133e-25
8.496959822404735e-32
5.56424858899585e-30
0.0
1.4236030721113216e-38
0.0
7.625368612723148e-19
5.489348905721473e-20
9.29330289884911e-37
3.7682273687220527e-34
0.0
0.0
1.125704608046881e-28
0.0
0.0
0.0
0.0
0.0
1.7763307567515758e-24
6.102865477740511e-36
2.3729746460368633e-26
1.2472401147309044e-35
1.135907029334278e-27
1.3156805044324254e-28
4.097225583662322e-20
4.537127956320794e-31
1.8899172219605823e-20
1.1382069710220054e-25
1.5765731173624e-30
0.0
0.0
0.0
1.744938344507159e-33
0.0
5.179665393621505e-31
8.198845248552633e-13
4.843771050867257e-22
1.3051503491604289e-32
1.6191285513772228e-22
6.219630479392742e-20
1.530086425747591e-21
2.0688840505319782e-29
0.0
7.42571718268049e-27
3.702636448464537e-35
5.619379167822342e-26
2.8043768727567313e-30
0.0
7.848792089312461e-38
1.2295277118993602e-31
1.153663242707967e-19
7.775158236790788e-30
2.3409777142083924e-34
4.0764992102053125e-31
5.7711661980013124e-34
3.886710864265704e-22
8.708094168860534e-23
1.2124051015404351e-26
2.8506161550741234e-22
7.485297200337445e-35
4.004944518082058e-33
3.3345513441301375e-30
1.101808682336075e-25
0.0
0.0
4.1548125810717834e-29
4.79482713066671e-33
4.379714019890037e-35
9.479199825749703e-37
2.019065759456265e-26
1.6979977423577307e-37
3.459660433411544e-27
6.313688115667686e-30
1.575126716138459e-27
1.8995317618999044e-26
4.2103874450880075e-35
1.2995307698466283e-33
1.3216565446792375e-28
2.910261363116972e-34
0.0
0.0
0.0
0.0
4.360626639207426e-27
2.429124823755634e-38
0.0
1.9968649535045559e-29
1.940258302168798e-33
0.0
2.369119338432562e-30
7.243163157195435e-35
0.0
0.0
7.666614563681269e-33
2.745950806840071e-31
7.977580573931766e-34
2.535385929064175e-33
0.0
2.201130704961119e-37
0.0
8.191074593528024e-25
0.0
2.242853874286479e-33
5.735865449589111e-22
5.860202331504637e-31
0.0
1.211512462004192e-34
8.972464496549646e-30
9.683505042638876e-30
8.218518344941948e-34
0.0
1.844484678155033e-26
2.4963502202198014e-29
9.077059181708547e-21
2.4451121873538464e-33
8.038352926572668e-31
1.0326143306083924e-21
1.8675025916634923e-25
6.697931151188768e-29
0.0
1.0648274821838973e-30
2.4939812962955497e-28
0.0
0.0
5.58181490574064e-28
3.9286416751374145e-30
3.970691582801208e-38
0.0
2.968868278193788e-37
0.0
2.2163350890739127e-33
1.4364834993097332e-37
2.2928156491319855e-30
0.0
2.7668480137813055e-28
3.32973186431154e-31
4.7802205898920516e-24
0.0
1.1960403010100951e-37
3.0676127894764826e-29
5.087424246743464e-23
5.830710054691094e-28
7.600321413659654e-30
6.970996359829417e-28
0.0
3.7221029167881427e-38
3.384726483543009e-29
1.5167621795457816e-27
5.641903661958798e-36
4.2963310087580134e-27
3.038080359954253e-36
2.7709196586700397e-32
8.145002237638591e-30
9.182097306634612e-28
1.0133945261998267e-30
5.626544852513158e-33
1.2379885896287928e-33
4.189736913641626e-34
1.817512057017281e-24
1.1852601374837283e-33
3.213854456832588e-26
1.551805865164586e-29
1.7882372156167945e-37
8.848268443199891e-37
4.583802113101072e-24
6.653273689247665e-34
2.494659676229511e-26
1.4738557247193058e-16
1.0124614488015677e-26
3.208631185563839e-29
9.920687429520392e-34
9.986777318936335e-30
2.3759102724285244e-35
1.0081617895872542e-31
1.20115018264959e-25
1.6719279741739695e-24
9.633510209991105e-25
8.021045495654214e-18
1.2006975374510928e-31
7.194630443402917e-23
4.973509261041567e-23
9.027165788211278e-07
1.4684445066165397e-13
5.160613921578858e-31
7.403612950059171e-23
0.0
5.8946343389754276e-33
7.777709341650717e-30
3.3472590211077245e-29
2.1392873525213704e-27
2.0410752868607222e-26
5.0709385608597115e-30
2.5065876663487964e-30
1.903626208614282e-30
0.0
8.044839398991066e-35
2.147770252709868e-24
1.532755709675612e-29
6.240111121871186e-29
1.4407087279779756e-30
1.683217512040751e-28
3.062794747465098e-22
0.0
1.2929046591327462e-26
4.55962457822709e-34
1.2777415162414484e-23
2.2702907248115947e-23
0.0
5.614630418071238e-16
1.0663007664199952e-15
1.965831150326463e-29
7.965042591318664e-29
2.7615096970873287e-30
7.506422097367946e-29
6.801333975601574e-36
4.278300417794399e-38
6.788061663320552e-29
2.883404812533135e-29
8.089918685206517e-29
3.728777548719716e-33
1.1396076576703147e-37
3.442044618538472e-36
9.264981374114806e-23
1.56892196843667e-24
4.339495570580321e-30
5.440457658248751e-37
3.3678379951315925e-21
4.416622956043987e-28
1.4986951396054668e-18
8.4297166227605e-38
1.6305332927796452e-37
4.63395868778226e-21
7.443618142542496e-33
1.4615841722869968e-29
3.12610477448323e-26
1.2462750448028135e-27
8.267877972622575e-36
0.0
1.409787806713652e-26
4.389184601349078e-33
1.204500770736903e-24
0.0
7.412135832861463e-26
1.3360049083200633e-14
1.4694234955882239e-27
1.8434734694081044e-24
3.133962346182269e-33
1.146440882239422e-36
0.0
0.0
5.518006959162424e-35
0.0
0.0
0.0
1.73364395027245e-35
4.011554087717862e-31
2.389348966845774e-38
0.0
0.0
0.0
5.744008164733442e-38
0.0
2.904455640599299e-30
9.033077626180537e-38
8.540159578339827e-29
1.953814286693473e-32
0.0
7.643969004730545e-29
1.1579146858689463e-32
9.502472517922976e-31
0.0
2.1898860529206785e-34
2.3578211450092945e-31
1.1536896193807553e-34
1.8532060773707893e-29
2.829327633728641e-30
3.292959344732507e-32
2.3596260596469745e-34
1.9749285437735917e-34
4.835595359705976e-37
2.9894311372335935e-34
2.048713620714806e-31
1.0305958077500986e-28
2.7474180682639194e-16
1.85846318080576e-32
4.1382008394087466e-38
9.151075991908503e-29
1.9619695478803235e-25
0.0
1.093236799561915e-28
2.5434180084949466e-32
2.0552669694203744e-37
0.0
0.0
8.726423485498808e-29
8.855368008644477e-35
8.66766351335883e-30
1.1962918621104107e-36
2.6220964581870945e-37
4.758913941539166e-32
0.0
0.0
6.131166004510423e-30
1.264716817707883e-37
0.0
1.429796671193791e-38
0.0
5.601151057493013e-24
0.0
7.483974180159898e-30
0.0
0.0
1.3161882277140145e-27
5.88571725923528e-32
0.0
7.504796746031042e-35
0.0
7.61387168852042e-38
1.7037220802156607e-35
1.3078333141047547e-37
2.821810188663395e-33
4.1759425714677926e-38
2.9459568016735477e-36
2.4747322584471623e-29
5.2254650779866395e-33
2.7005666156469135e-30
0.0
6.687609765359169e-31
1.9082484522357547e-32
0.0
0.0
3.445572013058238e-32
0.0
0.0
1.0477181148879049e-32
2.192529712165029e-32
0.0
9.526325605208823e-37
0.0
3.726344183578018e-34
4.138186826424103e-37
1.2190117911586554e-29
1.8726469261897615e-24
1.1500025390043821e-35
1.0753943946940464e-33
3.922176554009022e-28
2.197984852308777e-29
1.015010645791847e-32
1.4051185911466604e-31
9.032463985164769e-29
5.121062950287633e-37
5.276613357644808e-37
1.3186121104660457e-32
7.76401588640223e-37
7.86543875724643e-35
9.19297340707287e-33
0.0
1.1501352642552044e-33
3.012276737928299e-36
4.524377472540927e-29
0.0
5.341739615977005e-32
6.030148826993484e-38
1.043177516845169e-36
9.915779152858534e-32
1.0092029965654645e-34
0.0
1.313377075037378e-38
5.617652896026024e-30
3.532903286352564e-36
1.5689622713731287e-34
2.498885284051934e-36
1.9251904408911336e-31
1.2445650902207849e-34
0.0
0.0
1.2011636576953923e-33
0.0
0.0
1.6363456180183794e-31
1.9923827479508425e-37
0.0
0.0
2.8460629117024277e-30
6.025452221317778e-25
2.0548411201173374e-32
2.55833626607595e-31
0.0
2.9618418874339707e-38
7.405172349072864e-29
0.0
1.7629016201032765e-34
1.6870986445600474e-30
5.587013872891092e-35
9.49232847187312e-31
5.616013341484752e-34
0.0
0.0
0.0
3.575569080321758e-37
2.0370715012246867e-38
8.19140411559145e-36
0.0
1.420957000221137e-36
2.318778540127312e-32
0.0
2.3505493488760117e-29
2.0383416426369058e-35
1.2187328322432731e-29
4.548447556213654e-37
0.0
2.6389802258212276e-33
3.334758948095601e-35
0.0
1.3499398946983875e-38
1.2615774056201456e-26
0.0
0.0
0.0
0.0
0.0
0.0
1.4938968551685482e-34
0.0
7.817023914783177e-32
3.4623742529761627e-23
1.165372259109906e-25
3.636395523022398e-37
1.0426251048118342e-35
7.374213777880189e-38
5.699959748805856e-38
1.0739852414536394e-31
4.664885333376863e-35
2.1093210381446717e-27
1.359705978704152e-33
2.51575718661171e-36
1.8850714998873616e-35
2.096045615690003e-35
0.0
1.7806229785349445e-19
4.840778818777452e-38
0.0
0.0
0.0
6.2706755548569734e-30
2.3951017867647184e-20
9.851051973567005e-38
7.100149713491762e-33
0.0
2.420653499778261e-29
0.0
1.4764007079982865e-36
9.952583334059352e-38
0.0
0.0
0.0
6.416261059178772e-33
2.2675988313310695e-38
2.074814109936052e-34
0.0
3.451642317607636e-29
0.0
0.0
1.158410953087888e-37
1.3326268577768482e-36
6.1169298716075226e-33
1.6751142469652258e-36
0.0
1.0190375134855185e-25
1.7357729374241048e-37
0.0
2.129501229543174e-34
0.0
1.499972691594361e-34
2.548812401441633e-29
2.010775294762553e-38
7.779550793281612e-37
8.77743090006236e-38
1.6183252661103867e-30
3.0390369896547444e-32
8.618753967587783e-33
4.911461434356767e-38
9.486783067696128e-25
0.0
5.294801090672973e-37
5.297397618075286e-33
1.2712936139312515e-32
0.0
0.0
1.4682039052469576e-32
3.5131282611471705e-32
0.0
3.8870596997678605e-33
1.5072606184574825e-37
0.0
1.4450129180929464e-30
7.701686630560699e-22
5.348859934414187e-38
0.0
0.0
6.211017110276939e-37
1.0631949764054446e-24
0.0
0.0
0.0
0.0
0.0
0.0
5.653432173571806e-35
3.483271294679347e-35
1.0315668225076066e-29