1.4695280857868962e-22
2.7281327292979902e-28
1.7485453796187455e-23
5.75814197278479e-21
3.92999057841487e-30
1.3188649769333228e-30
7.900369390585153e-23
9.838817149105678e-29
1.78391665883737e-08
2.041020391794221e-18
2.6318545121029047e-09
1.0845691304847483e-18
1.7306664859444795e-17
1.4009981063518883e-15
1.3651537731993593e-24
1.5720801799119766e-16
1.2444721902288292e-12
3.183392702479286e-15
4.22160244631802e-25
6.6776579621513705e-19
2.0514201622527577e-23
8.76222000772281e-13
9.639094332284694e-15
8.387155072287367e-15
4.334869702776745e-12
2.6557444203015255e-18
2.171437263157856e-25
4.5203658581318224e-18
1.6541692360832472e-24
1.418889891479693e-18
5.278083281619861e-22
6.891830564689577e-21
4.770337805182689e-28
8.493786062233133e-24
3.7373796546517e-25
8.051250224894974e-29
2.94702838521399e-11
1.9966668902558944e-14
1.345924934681832e-14
6.858829042916126e-12
1.0851430566833145e-13
7.022605111293187e-16
1.5749489490346491e-09
4.2617756535652154e-19
2.2576976254219633e-24
3.1997606170553586e-27
6.383785616093096e-27
1.30492201788103e-16
1.806527136541912e-14
3.6654997829555125e-24
2.5314692962100474e-20
1.667807918380157e-20
7.96370551426305e-14
1.0509158042509112e-18
1.776222288377108e-24
9.487634802393217e-21
2.1532285676695295e-10
1.8018362843430502e-11
5.394571853944612e-17
3.448494087576618e-23
5.356683110296676e-22
1.054757443766461e-14
1.2065925603814017e-17
4.891569710836409e-22
1.1128677030232233e-17
3.5937022807444943e-14
5.098543103302095e-17
3.589259497644939e-16
4.5746684448821514e-23
1.2955153311995634e-20
3.3817822182863463e-15
9.413303092391237e-20
4.87360787933055e-17
1.8986609410879226e-20
5.71061454970058e-19
1.0874160630317374e-24
3.5487221194784093e-20
4.464292731972925e-19
1.6261809041447286e-27
7.3361322893908455e-25
4.579634408846407e-20
2.679088582759755e-24
2.0623035156902775e-15
3.5857746410419565e-21
1.1778771715322612e-18
2.2575431806642952e-16
2.626030295993509e-11
4.569867279640795e-25
5.070082395608741e-20
2.9658081098333527e-17
8.873341925495087e-16
5.205447594796203e-19
1.0805329479222355e-21
6.319868226021918e-19
1.7708649367545257e-23
4.04785523105295e-27
8.246351193043344e-13
1.23238533434039e-27
2.2669228148287923e-13
2.2002666279030452e-29
3.272359463051689e-25
1.5434544322763215e-26
2.502308443216845e-22
6.14151716458646e-21
2.4713399729425767e-11
4.307272832921748e-21
3.7776689755503803e-19
9.242852752872526e-22
3.83819885596548e-11
4.071242354281868e-18
4.022227429595349e-12
2.4167818787890205e-11
1.9671237295321164e-12
4.524809007837825e-14
2.9100691040923055e-14
5.973530877437976e-15
3.2269790062417424e-16
1.4159654564625576e-17
3.9268874239508654e-23
5.760424393508197e-22
2.0001752277350724e-20
1.2132522950118117e-25
1.0743371337821358e-17
2.696167082475767e-18
0.009822020307183266
8.78724122545943e-13
1.1221968517741328e-14
6.972821625650383e-12
1.6910561566523546e-21
2.212714349525413e-07
1.636894619849727e-09
8.034830870843994e-15
6.680335451481056e-11
3.000925019591705e-08
5.307659260017639e-12
1.3587999774244963e-06
1.2882429227100561e-14
5.795396714608492e-13
1.3763283511724456e-16
5.638598654608065e-18
1.3858437340134432e-15
2.874487455964068e-29
1.4728047299972584e-23
5.871701211793774e-17
5.266731719132998e-25
1.4727487208729877e-23
2.063970347609145e-24
6.782833165573307e-14
7.008541063918121e-20
1.4059979300812936e-16
7.552453468907212e-17
5.3617762487362725e-21
7.080351794230486e-14
4.184923005633317e-22
8.908991166782634e-23
1.8165350796296498e-16
4.107728515619758e-19
6.351959973630028e-13
5.435252196776298e-14
2.6754692211694575e-12
4.854952428446732e-20
1.6961578011905228e-16
3.8978110365035956e-25
1.3191169236214922e-22
7.892330456198844e-22
2.0192398100804532e-14
9.236081985211728e-15
2.4946319695292457e-14
4.854417170463421e-07
7.856822661813766e-15
3.528097211009709e-20
2.4633883664998718e-17
2.3122244182782562e-17
4.090972183234953e-08
6.542104098034018e-13
2.8205413005188973e-10
3.2477278194385653e-15
6.67489353807476e-23
5.645781684252322e-20
1.7320354169186956e-15
3.230044008196272e-17
2.070042643870129e-23
1.0240510119793904e-21
1.9823222924264527e-11
4.5626358903302474e-26
5.020016465472272e-16
2.5265139103972145e-25
5.8726790791441275e-12
2.0704123937049144e-17
1.0628422586478337e-09
1.0626016432583892e-19
5.456898485083015e-22
3.5850204142859183e-22
8.668984338445848e-23
7.07575491174193e-27
0.038634978234767914
9.509950705525284e-22
0.20020881295204163
5.294300553515541e-09
1.2262143495061982e-19
1.536526067242184e-14
1.6755390130906989e-10
1.0882617681367616e-18
4.557104619529967e-26
3.207699371691932e-15
6.0426725618406874e-24
6.60209699752668e-28
4.069474173004475e-17
7.06901603170672e-18
1.4129557463843128e-23
1.4864976914570762e-16
2.4499834432617645e-20
0.9863103628158569
1.9956968085676947e-17
2.063706398525081e-28
2.741813803808587e-18
1.665364099239897e-23
9.59998935559136e-20
1.3754039159741167e-32
3.9628976420796316e-16
1.8537552852315287e-24
2.2008445949654575e-30
2.631078840868699e-26
1.6090764121598345e-26
1.1049168714303767e-14
7.991845032973011e-13
1.0265518196936212e-18
6.299504207163409e-07
9.640673540327055e-23
3.5432960085305175e-21
3.652052487622768e-20
4.330633314110073e-22
5.39700213826132e-24
0.0004330457013566047
6.177225174342343e-23
1.3474722903081237e-20
1.147672257874581e-18
9.234221882506488e-21
8.505680704177282e-25
9.100284256500212e-22
2.537435724118998e-19
1.621550212754078e-16
2.286125619255122e-15
8.923467602558152e-26
1.1629572333730275e-31
9.333537838912246e-26
8.519175133949113e-21
1.8124642260502558e-17
5.771816757312942e-15
1.432755568536159e-16
7.269451052672061e-15
1.4606266399169e-20
1.1429984351235697e-16
8.32142618700793e-11
8.649934937016226e-28
3.958288363747897e-09
2.395675820806957e-14
1.0929962397702854e-18
1.4045366161351963e-13
1.6972922430046923e-14
5.669894415083476e-11
1.7001707136114408e-20
1.1684325729177658e-10
1.6804748781754086e-13
2.5340387882662185e-13
4.435476116896323e-16
6.367699353508659e-15
2.945365031443034e-26
3.0595576502610096e-16
4.5450603458792316e-13
1.3853468937152646e-30
7.690309142160186e-26
1.4076489459546133e-26
8.412780862966464e-17
5.6778045704971875e-15
2.9853250427258615e-10
9.742466692459644e-20
1.0185762831937278e-15
4.4883235167290045e-24
2.3887002437589888e-17
1.2742973993715156e-12
4.865314965143974e-13
9.213485475519589e-16
1.9781226148187318e-22
2.6694826904538616e-10
9.250710455969047e-16
8.265907996890529e-17
3.039139079286102e-11
3.902579370773651e-10
4.679443499355784e-10
1.7529184716027685e-17
1.9472069847514687e-17
4.3402661700585506e-26
1.0891474552340405e-16
6.081492653505646e-26
9.828583302809803e-20
6.7609801237477784e-21
4.2279715736647406e-16
5.911675014748371e-20
1.5594061957167832e-23
2.1008509065723047e-06
2.6141028230952656e-10
6.3483772643275e-20
5.127730097179576e-29
1.0283705705660395e-05
4.122001465390572e-17
8.55761468632199e-12
1.44536990744147e-17
3.3366819303982273e-19
1.6767049554333724e-11
6.570592227306482e-20
5.882533175849414e-12
1.706532434761514e-27
1.0367304679723164e-22
7.698968123190151e-26
5.310296541144628e-14
2.1817324993859227e-18
7.536405175053926e-14
0.01446964405477047
1.859801614045864e-06
3.2861437282118633e-18
5.599986897589855e-20
9.142230086146352e-18
3.323469838138156e-27
9.033982781957567e-21
2.1652969569894225e-20
2.6201907500079244e-19
2.6114977151256435e-13
2.1039291198121646e-08
2.6032495270555955e-07
5.611236735675318e-12
3.2082743928185664e-07
2.250746030524331e-12
7.892583622741693e-19
4.669069712404886e-27
2.5612965541484166e-15
3.0819593296697867e-13
8.127657786889407e-21
1.6667911647733131e-19
4.545530618571547e-12
6.747688365279817e-20
1.834768621755689e-11
6.88115363300934e-13
8.605296126579373e-23
1.372270786587082e-12
9.780383385118761e-18
3.852703204208774e-13
3.606883341601545e-16
4.1683106619117005e-12
5.99952068703374e-22
2.2897632678819946e-09
4.952585429855888e-17
6.1359159872725715e-15
9.395272245587958e-17
1.897405020873162e-16
9.775564337498778e-27
1.9935211244683826e-24
2.0128023286074407e-22
8.316543413541492e-25
1.997791560750924e-17
3.018211181770181e-29
2.2683366406187154e-21
7.863181225335586e-22
2.3599874398492625e-18
3.198994905828069e-25
8.615186044193693e-22
4.370556148517983e-25
6.847946704270954e-25
4.318079697208748e-22
5.250453813378617e-21
1.6927349738277e-20
3.366782919151698e-17
2.9230964426103403e-22
2.0698601803427514e-24
2.1816127310649258e-21
1.8919486170465282e-23
1.783337046012671e-17
5.314789026871449e-24
3.509186525531726e-34
5.1653287034070115e-28
8.294519279884336e-26
2.1515341053039037e-24
2.0078007749333065e-31
4.5271997604211075e-33
2.5417716228621284e-30
9.017372352287945e-13
2.071068017058424e-17
6.682647599350056e-13
3.722410363800906e-18
3.335708119602273e-23
4.80603547136973e-25
6.656316573100532e-20
9.278277143237438e-16
1.781667058353177e-14
1.6582105876347533e-19
9.807198099035893e-20
6.926703820768217e-20
1.496678027571962e-22
1.3282135255510175e-18
9.43868008885557e-22
7.485740492236973e-16
1.303048369718443e-21
3.501032016463339e-18
1.4891392563498584e-09
4.406353754093928e-11
3.762103152983462e-22
7.265763918252663e-15
3.9592720573763604e-23
1.1110714431827873e-10
5.098965668518018e-19
6.901056792685267e-08
4.969631843842289e-19
4.55414936191456e-19
1.9475978831670974e-20
6.213369756131482e-20
1.1640712913622766e-16
4.3549302319295844e-17
7.303528035173049e-15
7.263141910823778e-12
6.952424270862375e-23
3.707609701879851e-21
1.496302842801084e-20
3.7762483305476595e-31
4.0283395978360397e-19
1.975910494816261e-32
3.2060276540462255e-20
4.95024557176474e-31
1.3798950540014952e-35
2.486650667963052e-33
2.947010544487557e-38
4.0871050844757196e-30
1.0298909202116393e-31
7.242704411341477e-32
3.672907849498698e-22
3.246163796247035e-32
6.82137755477441e-33
1.2740447397814414e-27
1.501521684674748e-37
2.0250262622632506e-28
1.5118609178703886e-23
2.4467961119898253e-22
1.5081175204396253e-22
1.466913333741338e-21
2.1446133623180837e-21
3.924048536958383e-20
1.2489618193806323e-23
4.387838932114706e-21
2.413621003586588e-19
7.045595804074078e-25
1.4464615187890693e-25
6.972440171730826e-26
3.353459311822436e-28
8.227210337165705e-18
2.136192608429214e-16
2.301270114912768e-06
1.9195853440123756e-07
3.6536260670551324e-13
4.1589309769252266e-16
2.325898758119281e-19
2.2035015955976234e-13
1.518080424425935e-29
3.2639625510129765e-29
1.968683597476062e-21
1.8871090454175565e-11
2.2336804790611928e-21
1.944511575366434e-18
3.290473191537966e-17
2.300871633204665e-19
2.188589644102641e-21
3.7291938403938817e-16
2.6356737411700525e-23
4.414743293157386e-10
3.1481659002592363e-30
7.802370407645695e-16
1.1488512506770132e-13
3.721973151868927e-24
1.0110062525503941e-19
4.8618943072897824e-12
1.0390921545422316e-07
0.016583800315856934
9.015157891648121e-27
7.58375407093182e-23
2.941649743098476e-25
9.374830170795152e-32
2.9512949861754123e-09
1.457436398671387e-14
1.0678101198396961e-13
1.173790071340375e-27
7.5099952806816e-16
9.948868118225818e-11
5.131482912201779e-12
4.175222992862382e-13
8.942875524553529e-07
8.614179277226699e-27
4.587728831575669e-28
1.5206186307590989e-22
5.163209009502779e-25
3.457445768049894e-26
7.58712223689114e-20
3.633865228720473e-18
1.3894988976953709e-19
1.3728678862193346e-23
3.243407796485687e-22
1.344398865199266e-17
2.4279581098993024e-15
9.577322605940606e-25
9.423307966603198e-24
2.22931258778342e-22
9.238289910399246e-25
1.330265802656027e-20
1.0756217287298184e-15
2.3553658576898368e-17
6.15923698889448e-19
2.4076518291795098e-20
4.274158457717725e-11
5.462353693550057e-15
5.3775760440398e-26
3.4855662006981003e-15
1.7064032048622457e-26
6.10455633327256e-24
2.0213241874335676e-18
4.563129540701262e-16
3.6368155622455997e-20
9.639391546692762e-22
1.4627324086466235e-15
1.0
1.0
0.9999935626983643
0.9994264841079712
1.0
1.0
1.0
1.0
1.0
1.0
1.0
1.0
1.0
1.0
1.0
1.0
1.0
1.0
1.0
1.0
1.0
1.0
1.0
1.0
1.0
1.0
1.0
1.0
1.0
1.0
1.0
1.0
1.0
1.0
1.0
1.0
1.0
1.0
1.0
1.0
1.0
1.0
1.0
1.0
1.0
0.9266795516014099
1.0
1.0
1.0
1.0
1.0
1.0
1.0
1.0
1.0
1.0
1.0
1.0
1.0
1.0
1.0
1.0
1.0
1.0
1.0
1.0
1.0
1.0
1.0
1.0
1.0
1.0
1.0
1.0
1.0
1.0
1.0
1.0
1.0
1.0
1.0
1.0
1.0
1.0
1.0
1.0
1.0
1.0
1.0
1.0
1.0
1.0
1.0
1.0
1.0
1.0
1.0
1.0
1.0
1.0
1.0
1.0
1.0
1.0
1.0
1.0
1.0
1.0
1.0
1.0
1.0
1.0
1.0
1.0
1.0
1.0
1.0
1.0
1.0
1.0
1.0
1.0
1.0
1.0
1.0
1.0
1.0
1.0
1.0
1.0
1.0
1.0
1.0
1.0
1.0
1.0
1.0
1.0
1.0
1.0
1.0
1.0
1.0
1.0
1.0
1.0
1.0
1.0
1.0
1.0
1.0
1.0
1.0
1.0
1.0
1.0
1.0
1.0
1.0
1.0
1.0
1.0
1.0
1.0
1.0
1.0
1.0
1.0
1.0
1.0
1.0
1.0
1.0
1.0
1.0
1.0
1.0
1.0
1.0
1.0
1.0
1.0
1.0
1.0
1.0
1.0
1.0
1.0
1.0
1.0
1.0
1.0
1.0
1.0
1.0
1.0
1.0
1.0
1.0
1.0
1.0
1.0
1.0
1.0
1.0
1.0
1.0
1.0
1.0
1.0
1.0
1.0
1.0
1.0
1.0
1.0
1.0
1.0
1.0
1.0
1.0
1.0
1.0
1.0
1.0
1.0
1.0
1.0
1.0
1.0
1.0
1.0
1.0
1.0
1.0
1.0
1.0
1.0
1.0
1.0
1.0
1.0
1.0
1.0
1.0
1.0
1.0
1.0
1.0
1.0
1.0
1.0
1.0
1.0
1.0
1.0
1.0
1.0
1.0
1.0
1.0
1.0
1.0
1.0
1.0
1.0
1.0
1.0
1.0
1.0
1.0
1.0
1.0
1.0
1.0
1.0
1.0
1.0
1.0
1.8606851881486364e-05
0.9999642372131348
0.9999998807907104
1.0
1.0
1.0
1.0
1.0
1.0
1.0
1.0
1.0
1.0
1.0
1.0
1.0
1.0
1.0
0.9999983310699463
1.0
1.0
1.0
1.0
1.0
1.0
1.0
1.0
1.0
1.0
1.0
1.0
1.0
1.0
0.9999998807907104
1.0
1.0
1.0
0.9999961853027344
1.0
1.0
1.0
1.0
1.0
1.0
1.0
1.0
1.0
1.0
1.0
1.0
1.0
1.0
1.0
1.0
1.0
1.0
1.0
1.0
1.0
1.0
1.0
1.0
0.9999935626983643
1.0
1.0
1.0
1.0
1.0
1.0
0.9999971389770508
1.0
1.0
1.0
1.0
1.0
1.0
1.0
1.0
1.0
1.0
1.0
1.0
1.0
1.0
1.0
1.0
1.0
1.0
1.0
1.0
1.0
1.0
1.0
1.0
1.0
1.0
1.0
1.0
1.0
1.0
1.0
1.0
1.0
1.0
1.0
1.0
1.0
1.0
1.0
1.0
1.0
1.0
1.0
1.0
1.0
1.0
1.0
1.0
1.0
1.0
1.0
1.0
1.0
1.0
1.0
1.0
1.0
1.0
1.0
1.0
1.0
1.0
1.0
1.0
1.0
1.0
1.0
1.0
1.0
1.0
1.0
1.0
1.0
1.0
1.0
1.0
1.0
1.0
1.0
1.0
1.0
1.0
1.0
1.0
1.0
1.0
0.9911196827888489
0.9999997615814209
1.0
1.0
1.0
1.0
1.0
0.9999984502792358
1.0
1.0
1.0
1.0
1.0
1.0
1.0
1.0
1.0
1.0
1.0
1.0
1.0
1.0
1.0
1.0
1.0
1.0
1.0
1.0
1.0
1.0
1.0
1.0
1.0
1.0
1.0
1.0
1.0
1.0
1.0
1.0
1.0
1.0
1.0
1.0
1.0
1.0
1.0
1.0
1.0
1.0
1.0
1.0
1.0
1.0
1.0
1.0
1.0
1.0
1.0
1.0
1.0
1.0
1.0
1.0
1.0
0.9994463324546814
1.0
1.0
1.0
1.0
1.0
0.9998608827590942
1.0
1.0
1.0
1.0
1.0
1.0
1.0
1.0
1.0
1.0
1.0
1.0
1.0
1.0
1.0
1.0
1.0
1.0
0.0
6.804648730303353e-38
1.431701902182879e-30
0.0
0.0
5.344232622677232e-37
1.4628675279492231e-36
3.391666481395592e-37
3.1131927238384756e-26
1.149983490302098e-30
3.948995395086733e-33
3.8844805916937594e-33
0.0
1.1117133240391906e-25
0.0
0.0
5.946080951265119e-33
0.0
0.0
0.0
0.0
0.0
0.0
0.0
0.0
0.0
0.0
2.8932559618793045e-36
0.0
0.0
0.0
0.0
0.0
0.0
1.742614054106163e-36
8.518723760518873e-35
0.0
0.0
0.0
0.0
0.0
0.0
4.0126517202616215e-33
0.0
4.002205683953117e-28
0.0
0.0
0.0
0.0
0.0
0.0
0.0
0.0
0.0
1.4306164083746455e-36
0.0
1.7575796401432606e-31
2.7533594775355634e-30
8.246934887723745e-35
2.0601200000718852e-35
0.0
1.6284142828730564e-36
4.642491276566918e-31
2.2537087764473605e-28
0.0
0.0
0.0
0.0
2.6312488249884267e-34
0.0
0.0
0.0
0.0
1.0238640456510145e-35
0.0
0.0
0.0
0.0
1.0672256640449915e-32
8.376922571078425e-30
2.2640131327686166e-37
0.0
1.1837404606204245e-28
6.945083183076274e-30
1.2441744772649194e-36
4.897492878722109e-35
0.0
0.0
0.0
0.0
5.111254230531738e-34
0.0
1.2450956124026526e-36
0.0
0.0
0.0
9.034564459903124e-37
3.3340320844928065e-36
0.0
0.0
0.0
4.42175835796273e-31
4.583355526154451e-28
4.055944515986834e-32
7.727956707821373e-32
0.0
0.0
2.2903060321663745e-38
5.341418870588439e-30
2.9276189032598684e-35
0.0
1.1613157767349591e-33
0.0
0.0
7.757173514156747e-38
0.0
0.0
0.0
4.0834582308017285e-30
2.9223205117062182e-34
0.0
0.0
0.0
5.647944727169878e-32
1.0284394443245406e-36
1.6205047941681668e-24
1.7380257769392305e-37
0.0
8.208989809574868e-27
2.0240134939464013e-29
1.4123780622216748e-32
4.152704159215663e-22
0.0
1.0596097928403292e-35
0.0
0.0
0.0
0.0
0.0
0.0
0.0
0.0
0.0
0.0
0.0
0.0
0.0
0.0
2.1993921700083698e-38
0.0
2.379255739108486e-36
0.0
1.8645478334392038e-33
4.229152396495442e-37
1.8687452876124467e-37
0.0
0.0
0.0
0.0
0.0
0.0
0.0
4.228114765447959e-32
0.0
0.0
1.1248990535819808e-33
0.0
0.0
0.0
0.0
4.994370861083988e-36
0.0
0.0
6.033449178589127e-35
0.0
0.0
0.0
3.983534541520761e-34
1.4317397116444237e-38
7.658472328146827e-37
1.433171278155578e-38
3.172578399069001e-38
2.2094350462892376e-36
4.906628618778609e-31
2.82683693987439e-29
2.370514650043317e-35
3.509802512122206e-34
3.8246998246327627e-38
0.0
0.0
1.7253163361794358e-37
5.532459964975936e-37
0.0
1.245556672933557e-28
1.5787332580850148e-38
0.0
5.899461691919987e-36
1.495202067893847e-27
3.041990939720084e-27
5.717000704012368e-34
1.6539206509127213e-27
2.7497372600822505e-37
3.3591926786794515e-37
0.0
0.0
0.0
1.6480047941367242e-37
1.3958334788189502e-31
8.041253796837947e-34
0.0
0.0
2.8125645350949545e-28
6.235971702378941e-36
4.0567358587838075e-31
8.251871332628163e-36
0.0
2.2081397353145217e-34
0.0
0.0
1.0225691479360313e-33
4.5079870399408865e-32
0.0
0.0
0.0
0.0
6.149255015632854e-28
0.0
2.0223093174021617e-35
0.0
1.5034198954107507e-26
0.0
0.0
1.5147819198089302e-38
0.0
0.0
0.0
1.1760247338733785e-30
1.10124004293893e-35
0.0
1.248914767289262e-37
0.0
5.490249106476821e-35
1.322156395722179e-27
1.2245397073905544e-36
3.062081979417412e-37
4.514743480708163e-35
1.2294355079132739e-36
0.0
0.0
0.0
0.0
0.0
0.0
0.0
0.0
9.18913597872824e-29
3.0153708766840095e-35
0.0
0.0
6.082591148232623e-22
0.0
2.0686340402221e-34
5.476689182926825e-37
1.2191125454614723e-24
1.2191125454614723e-24
0.0
1.298763300605236e-32
0.0
1.1429663136931355e-26
5.368119256160022e-29
7.834390668322226e-34
1.318766047420593e-35
1.3675246453461945e-25
2.9871186735225872e-33
6.425680878567311e-36
0.0
4.843945322827938e-35
1.943386270595817e-31
1.7088746691004481e-23
3.6405364552546045e-27
6.95571374943204e-38
1.6214587181609397e-12
1.0603637546166064e-24
4.420578666543521e-23
1.9002868289976354e-32
3.183418656105933e-29
0.0
0.0
0.0
0.0
0.0
2.8511302664535795e-35
3.179819850175785e-33
0.0
1.4649880400477657e-38
0.0
0.0
0.0
4.05245339180444e-30
3.880465268295244e-34
3.365526332539556e-16
2.658509591436414e-27
1.5549420073563086e-27
5.35624956559525e-31
0.0
1.3905370680283824e-28
3.5119873704113006e-33
0.0
0.0
0.0
0.0
0.0
0.0
0.0
6.359733828061712e-31
0.0
1.8633495037976562e-37
7.109969244904301e-38
8.540028976215473e-29
2.802123105901459e-28
4.2670071853145895e-37
8.054806085902257e-31
4.24062126126938e-30
0.0
2.527395458606939e-29
0.0
3.233268958418075e-35
2.3004276333303963e-31
8.633562257672266e-33
2.04437776021063e-34
0.0
6.509018721471433e-36
2.0649557992364398e-38
2.7970149963468427e-38
0.0
0.0
0.0
0.0
0.0
0.0
6.832456906414385e-30
6.445958727299048e-29
0.0
0.0
5.736894389001389e-37
4.469929326527223e-28
5.859488050139679e-38
2.7119078953462423e-33
3.371133570922078e-28
7.14146848685996e-32
4.2838245605485216e-36
0.0
0.0
2.9850772061545134e-27
2.5554136192612463e-36
2.0221880543692036e-33
2.2530361679837748e-30
1.9038645187920726e-24
5.723145225264604e-22
1.1504123870484108e-32
2.163147164839069e-38
0.0
3.263877442301608e-35
4.705649186823903e-15
0.0
0.0
5.088973284831835e-28
1.5269565119274121e-27
2.5016148640748744e-27
0.0
2.693547151130978e-32
2.3108329688579802e-23
2.2661281242825136e-16
0.0
0.0
1.0422317227692272e-27
4.960561548557083e-33
1.984527210354393e-26
3.131447911029515e-21
1.1218062324360513e-31
0.0
1.7807922489642026e-27
5.357967813912912e-38
0.0
0.0
1.2131962735615894e-26
1.2131962735615894e-26
3.5889996036255144e-31
9.235861204887297e-24
1.9483914032902058e-29
1.1218062324360513e-31
1.181313273334458e-21
1.4614133339158775e-19
1.005563727237222e-19
1.5705995136802784e-31
2.4999112526980595e-24
2.978493667394421e-33
4.460835855701805e-27
0.0
4.4759153226828154e-17
1.7431026495803913e-22
1.7431026495803913e-22
0.0
0.0
1.049913040643266e-35
2.8662788185307657e-34
1.7807922489642026e-27
1.0755117726550381e-36
0.0
6.902140955421572e-25
5.597912665637086e-36
5.597912665637086e-36
0.0
0.0
7.454340437773408e-30
1.9017774588077831e-28
2.073487560000184e-24
0.0
5.357967813912912e-38
0.0
0.0
0.0
0.0
3.0770804692446507e-38
0.0
8.433484097759745e-37
0.0
2.3078255204732963e-26
1.7814014575000637e-37
1.2131962735615894e-26
1.8620337155090239e-31
1.8620337155090239e-31
2.757749076417903e-19
5.693091703603039e-31
5.693091703603039e-31
0.0
9.412804993343046e-34
0.0
0.0
3.5889996036255144e-31
2.8216447226232628e-36
6.391530743364449e-28
6.391530743364449e-28
5.171384212338154e-27
5.325718332372433e-17
5.68560436751286e-16
9.324357675980307e-33
3.6996715952768264e-20
9.235861204887297e-24
3.089844280384861e-37
0.0
0.0
0.0
2.3145189894103135e-32
9.911954975861721e-33
3.9162263934458375e-28
5.10568073426991e-34
2.155347509294847e-30
2.0049144954916563e-32
4.876942120205654e-30
0.0
1.3434064025604118e-29
4.960561548557083e-33
6.941291234679172e-24
1.1044979616212236e-21
1.1044979616212236e-21
1.1414968724789918e-28
1.1414968724789918e-28
2.1395159604057692e-27
0.0
9.840017846055382e-29
0.0
0.0
6.674917717754471e-31
3.515871173899881e-35
4.3549170402365446e-23
1.0422317227692272e-27
1.0422317227692272e-27
1.15308328532076e-25
6.104748912559665e-37
3.3002566255833155e-30
1.958244559597829e-34
2.2117228488435377e-26
1.5679895635731477e-31
1.5679895635731477e-31
1.5679895635731477e-31
4.8666936980815356e-26
7.137998886713813e-35
2.1858538432703066e-35
1.2188123671314452e-28
3.085272865642828e-23
1.0392937166390645e-27
1.6092796842665436e-33
5.075624739618926e-32
5.075624739618926e-32
1.1954922750221185e-23
8.629667927539939e-35
3.4165943140689426e-32
2.80974328846767e-28
0.0
1.8305743658597473e-37
5.199747960408128e-28
2.556054438654176e-38
9.58186427538719e-23
3.6337886594632454e-37
1.3845889393212894e-26
1.3029774786142377e-38
1.3029774786142377e-38
2.4083357428697994e-24
1.4836888725216276e-37
0.0
1.0546351805162252e-17
0.0
0.0
2.730736226877857e-35
1.119633056119302e-26
2.5513805086518517e-29
1.4793996261256864e-29
1.969642582613524e-31
1.969642582613524e-31
1.6161570550817752e-26
1.980805125871334e-35
0.0
8.548664105294616e-37
1.4753547820379533e-27
5.4656971227196336e-27
9.106076074520606e-31
7.219902703247673e-29
3.824465459323085e-16
1.9418721761692912e-26
5.0182951034414984e-23
7.41408703100672e-26
4.589628639747034e-24
7.90672030509626e-33
1.6577919268456753e-06
2.7397054041347976e-23
5.506113850824938e-17
2.2111762851785353e-32
5.994401099936884e-28
9.228474782312437e-15
3.8929351981819894e-26
1.7250543678520534e-28
1.997735889244429e-34
2.476014792709178e-38
2.7322220382130846e-38
1.908100699665738e-08
8.167000463799765e-22
2.908697174194648e-26
2.9003178478222575e-28
0.0
2.4394979719677054e-30
3.1899343178490383e-29
3.286258145312057e-32
7.07159837916048e-35
0.0
2.8487196420766174e-33
1.2312323985392714e-37
8.736482132350176e-14
9.051133492637297e-27
0.0004892196739092469
2.3719303686033442e-31
8.378251862656663e-18
8.613519606454761e-20
5.200917084575985e-21
2.3807567896817477e-26
1.3869159486844916e-17
1.3461449938415287e-15
7.470522787278693e-27
3.2369358349852936e-34
0.0
2.2707666194749677e-31
2.679790405612077e-19
1.9218152439616175e-31
2.8165516401042843e-18
1.0639870851036903e-07
6.147429871816712e-07
6.628988802479142e-31
5.203978832221039e-19
3.372556989233999e-08
1.0593794193433257e-20
9.325180815899471e-32
0.0
1.7299860207028138e-14
1.976763257193065e-31
7.488493735886267e-28
7.800096538991947e-34
0.0
4.67696543193867e-35
3.242923562107626e-23
1.0787982081611404e-15
2.810340625796193e-31
3.0757386416181025e-33
5.9610251578839165e-33
2.486306583317822e-35
1.342805245146835e-24
7.928223428199021e-26
4.756168580991089e-19
1.0910190077226307e-23
9.827691403299168e-26
4.731059116450348e-16
3.0860912111822448e-34
2.7297347955162048e-21
6.070412621409608e-34
0.0
6.616027317377539e-24
6.673585764466085e-26
1.738000589308846e-28
3.2473703636155267e-29
1.145843344881259e-26
2.757224267862197e-31
2.514415942636233e-27
1.4892266545372319e-25
1.1163343588092963e-22
3.4119281433256055e-34
3.4017392246156167e-34
1.616185339770421e-29
6.561117959872034e-22
1.4597539483015598e-25
0.0
4.092065858715286e-30
1.0067737364704445e-32
1.257805202193871e-26
6.892434794277653e-21
2.0629780389505232e-32
0.0
3.725254813234646e-24
5.240008638661218e-21
3.754494885621964e-27
5.719772195070613e-26
3.6966603100308857e-31
0.0
1.1149342669337462e-37
1.230650881022838e-21
4.4817617586230525e-28
1.2465180971617952e-26
1.7751889724581267e-28
4.539566695675727e-32
4.3226964454242395e-36
9.79361557331091e-30
1.0556840868919731e-20
5.376550524863013e-26
4.300626602905975e-27
5.193141635440697e-15
1.14765555251429e-24
1.1099677406668438e-32
4.464780057675992e-22
1.2579427925272946e-21
1.2605751898135809e-21
3.726588530506342e-25
6.93842667007357e-33
2.8100250816736644e-19
4.0528717290671542e-22
4.817990628680491e-08
1.0403443836461007e-28
5.686218860861374e-21
1.070222075670807e-17
9.488085674265874e-25
6.765388758113584e-22
1.18915102378495e-32
2.096247972052847e-25
6.980123823318354e-28
2.5853190772046763e-21
3.4571687422866935e-26
5.188649066879867e-29
1.178945496912008e-28
4.205773025942643e-31
1.002374522330889e-32
1.7995005428602513e-30
0.0
1.7843700875404897e-26
6.2909180377758735e-31
3.2322643396198892e-31
1.701868156742165e-38
1.1700937807997245e-33
5.420950891833112e-19
3.1292554833562276e-18
1.0749055094617456e-27
2.151721903503153e-25
2.5249623558979382e-14
5.677489298250293e-06
2.253909959089351e-25
1.4606429643046437e-28
1.151240330527397e-20
0.0
3.2870782242439305e-29
6.7650167155334635e-25
2.1504250542259996e-14
2.085199921149188e-27
1.2712674685831091e-20
8.241515401976697e-30
1.490895795781372e-20
2.5946635112813685e-15
6.0587327867104856e-18
1.3446731644296197e-21
5.040153967070807e-20
2.6873206855159256e-22
6.565889980647247e-25
3.1066179927583976e-20
4.9308383669196696e-29
5.229394932488888e-25
1.0397360280212084e-23
5.279425484945564e-32
1.4170241880346157e-25
2.1591916579406802e-29
9.19221159857146e-31
3.027673299179597e-25
0.9973106384277344
3.1379811370410904e-26
1.847337085340695e-18
2.8258450859530305e-29
6.12744394914619e-24
3.781866451869992e-18
1.0235604244058997e-18
1.6605767867543253e-13
0.9892144799232483
0.0014278526650741696
0.11212309449911118
4.847938195346224e-20
5.501983400536771e-15
4.1378732712749204e-21
3.4076175214892146e-09
0.0015574240824207664
2.3657411588493456e-23
1.4140240849310355e-22
0.0
5.123422415317505e-24
7.482584702040337e-20
1.2351457094865915e-23
3.2220651927789e-12
0.994541347026825
1.7193093526657321e-06
1.1437092810547732e-16
2.0988255750606565e-24
4.705005446644213e-28
1.3258321872741638e-21
4.8293671828008415e-21
2.5573750743433023e-20
3.598101992218682e-16
1.8724945687499708e-19
1.7711491749614126e-15
4.333387761037283e-13
1.168630870946051e-25
1.2951099882200362e-13
3.5741344008827333e-16
7.89635823394974e-09
5.444656281383686e-09
2.2989141010129998e-35
0.9999276399612427
0.9432497620582581
7.493355980159322e-08
3.250461011461425e-11
2.5621258247641307e-31
8.21393708686395e-20
8.015735835979231e-28
1.62378566505078e-15
4.857880565618822e-27
6.070713670702704e-19
1.459174621286791e-18
9.688432955698766e-27
4.7401034013577314e-26
2.528427993820173e-21
1.3835773415848962e-08
3.6567661254593986e-07
2.0104135912447918e-13
4.312681058613205e-29
0.003717499552294612
2.0134931916215848e-11
0.47850334644317627
1.9408837100357411e-22
2.2065408867273068e-18
0.9912813305854797
1.2011298631703932e-21
2.997689682248278e-25
5.328438246188227e-10
3.912429513258089e-15
2.7789441738644412e-24
2.0412358516401858e-28
2.346852277011015e-19
6.903311304530177e-26
0.6816262006759644
2.421543158277875e-34
6.203457747488983e-09
0.010251677595078945
9.350750729275603e-11
4.922953421490462e-18
6.8844171402031235e-22
1.726301173490556e-25
2.2044743334417006e-30
1.4676249295093733e-35
2.6856996683943237e-31
6.750486017789173e-30
0.0
1.4369139170340984e-33
2.89451670608852e-27
9.014525753292125e-30
3.339260844697272e-30
5.393649917489094e-38
0.0
0.0
4.0130313361705175e-27
0.0
4.4865276264952976e-31
1.2916781553424485e-32
1.5910409872695818e-25
1.0336069574408757e-22
1.452877516027349e-31
1.0220507772541882e-25
2.025001652299013e-22
5.641298066448665e-22
1.9566463923759396e-34
5.2579245407212264e-23
1.7010966267927138e-22
6.772264030525738e-20
7.022692291767281e-29
1.0454192975267827e-23
2.7367778821509545e-25
8.21750432178488e-29
4.996891027988711e-34
3.5344815598965242e-28
2.9061631987199356e-37
4.391408392322578e-27
3.858095597571972e-23
2.4038954854477268e-11
5.660830515051501e-29
3.1210082646493396e-24
8.544611615039245e-17
3.787590807069046e-22
4.312271738314712e-28
1.7248065343813888e-33
2.6946267760098934e-24
4.840261148126663e-31
1.5335114452701476e-35
1.3284314004875481e-33
1.7196873066536566e-27
8.888983287643514e-26
1.664256616182462e-26
7.875851571887875e-29
2.5255450612275583e-29
7.289959151272612e-26
0.0
1.754882774167501e-35
1.794175572258936e-29
2.1902201045379532e-34
0.0
1.6553710502208852e-36
2.9657340779965407e-36
6.986135137241728e-23
0.0
1.2863782809761701e-23
5.444050247923704e-29
2.0117598549532037e-28
2.5114365585870557e-18
1.745197442843631e-26
0.0
5.342368725859885e-33
2.4520323134135876e-34
8.866502920208614e-32
1.3375119314652756e-27
5.361326490913757e-36
8.265862135646634e-28
1.758397784211433e-31
7.202746125747562e-34
4.160884078822953e-23
1.4261249102947248e-31
1.62458440806104e-23
8.662031061044005e-18
3.290084822465359e-24
1.1055847068073593e-26
0.0
0.0
4.662077970409178e-26
3.0466230419775783e-28
0.0
3.307725490778831e-18
3.632094284632571e-24
0.0
7.868456377059621e-31
4.787808327366347e-33
6.04501213146295e-28
1.1493794630001257e-28
6.743470366576911e-27
4.990385520159141e-23
3.258350346016049e-30
1.7023240611659092e-29
8.407957632129513e-27
1.6229617211790003e-23
9.672047051287283e-25
1.630977047485236e-27
8.462651731434178e-29
9.08950495047729e-27
7.905739401552219e-37
3.0932021010316568e-24
3.013518310788466e-36
3.1435577743249168e-30
9.186936975991863e-27
4.553982664520624e-31
3.1080374981013336e-22
5.616038834926797e-25
1.284381214800229e-14
1.2088798719504808e-36
1.7778726354650088e-28
2.5771097337046273e-34
2.9571031556535204e-36
4.5548374772109756e-37
5.514428061433989e-28
0.0
6.508372098265562e-29
1.7287131157082692e-25
7.004715161280465e-36
5.0767955640468485e-21
1.8513567813825954e-27
6.891058149956508e-24
1.170027647786358e-24
8.423487344161956e-29
2.253758766918319e-37
6.901644448734408e-21
6.841294366983415e-31
3.6837094185701363e-31
1.5236805050920094e-27
0.0
0.0
3.825474272378174e-30
3.098234190602405e-38
7.125489664402599e-26
3.180123873860985e-25
2.827416359665148e-16
6.84879003602168e-23
1.9748379723599775e-27
7.086633767774044e-29
3.668139730626738e-26
1.859208286238869e-24
2.0612510856931412e-21
4.383853273086566e-30
5.297437937127919e-18
0.0
3.7169866056969995e-35
0.0
4.504686545677365e-32
1.2120567164625946e-36
3.3452100686265576e-33
6.079270632558626e-32
1.8392453469251128e-31
3.180516523460102e-22
3.077099884578381e-18
3.412244103350137e-32
1.574811914106431e-15
2.4029067689879104e-21
3.1261247533717307e-21
8.046337297977464e-29
0.0
2.4409103460626337e-32
2.1575969220602692e-34
1.7727786514777488e-37
2.7374028078993093e-26
5.476393210440689e-12
2.6271286815155627e-25
1.9048680995556583e-38
2.0185920011529513e-30
6.388745216719102e-30
9.328629275189025e-25
0.0
1.3861963666751936e-25
6.030258983348266e-32
9.833608323297164e-35
5.255066638793757e-27
1.5923512427451055e-19
5.862302671305524e-24
2.9020459366131076e-27
1.747930013878486e-25
2.427951726185705e-35
1.1648619436789793e-16
2.6599295795844106e-27
1.5810113604167952e-23
1.0022521974500066e-32
0.0
0.0
9.626081861482563e-31
1.7879098722955282e-37
7.811773763761973e-18
3.21773999160644e-28
6.19957930553054e-31
1.9897804098010024e-34
1.0635609575505473e-30
1.865707241477388e-11
1.4664183453084945e-17
3.08263133562756e-27
2.3798015303719016e-20
1.7445939540497268e-31
1.4081400661023006e-23
0.0
0.0
4.330090637794585e-36
2.7302597498854783e-33
0.0
1.2982029204076799e-33
2.600587999923036e-31
0.0
7.184712733750128e-35
6.474059932737711e-34
4.100490523284126e-29
8.604880694862203e-28
2.772892737417332e-35
3.570474060920962e-28
0.0
9.172147306246849e-37
0.0
4.740902723222279e-32
7.348065742223729e-17
2.850440964844292e-23
5.508451539704691e-30
1.4044865584610025e-38
2.4228360478506756e-27
1.1933541414942268e-25
2.295936061591814e-26
8.822765193923614e-27
6.746403943068202e-27
9.441901442791161e-26
7.22017988935227e-36
0.0
8.749032121560715e-27
8.717089947505821e-33
3.1449594824701284e-16
3.830309334549886e-29
5.998021308971948e-26
3.462901738525236e-31
4.3507238926193755e-27
1.322715978206126e-35
0.0
1.1760136537576672e-26
5.606838630117103e-31
0.0
1.404804357056403e-28
1.814862258623838e-35
5.435127775603223e-29
5.8059257119989665e-18
3.018468392182433e-19
3.5775455277277803e-38
8.838698797539518e-27
0.0
2.572207210536603e-35
2.9649951567273355e-16
3.268160294697334e-37
4.10294995909055e-35
0.0
2.3795116759727014e-27
0.0
1.501488981731707e-35
2.8956379615480246e-23
1.0592678611635123e-32
2.638776898412211e-27