0.0
0.0
8.414496929562877e-36
0.0
1.4023280263325258e-32
2.177341324145497e-34
5.454280787788289e-28
1.9594101816328143e-34
1.0892444966707722e-21
5.858158119369009e-27
6.199327315101757e-21
1.0287384649858558e-27
8.051741938883901e-29
1.8063565431317613e-31
2.725859433719969e-32
5.045903518562904e-21
2.7191255579253586e-20
2.1981206792300057e-20
3.28443701595526e-27
1.1111490757552217e-33
2.3524223468699562e-23
1.8149942610675922e-27
5.641911007427717e-26
3.188351868623992e-22
6.544344631325373e-22
1.3187187381909728e-23
3.667347768512083e-23
1.2797052597402893e-26
7.198565686505671e-28
5.1641769418334855e-24
3.0529481856461295e-23
4.17079832490759e-24
1.3338590390226037e-34
1.508877488557302e-29
6.04046802012979e-29
8.536726208545877e-32
2.478179259273604e-30
7.94071335286529e-21
7.450003929651191e-27
1.4249032214987278e-21
2.65354206440498e-29
1.8336466537636695e-25
1.2517476349251006e-30
0.0
2.34466492193477e-37
2.4293521601049293e-34
3.737109893488726e-32
1.5832403219564222e-28
8.709095075577078e-22
4.8384826762561513e-26
1.767892798154724e-18
1.2620111712659403e-25
1.4284500789681208e-23
2.8434435253403556e-14
4.345478140933351e-29
9.474312375254677e-31
9.069372856884694e-14
1.3670222678772884e-20
6.930919291497326e-24
1.3914906854694983e-30
1.0255261101351151e-26
2.7100843583066514e-28
2.1906982882349586e-25
1.3634140329175317e-26
5.1470427070555e-33
6.275753472264115e-21
1.3904623369267964e-21
1.3188137170439614e-24
1.9713093527877533e-33
5.563371522665847e-25
1.5548186203841537e-18
1.161000173182599e-20
7.68532514506283e-18
7.337065457686635e-15
3.952456506077164e-28
3.867413217522857e-28
7.14926652373164e-24
9.444030750937675e-25
1.4752840840461129e-31
2.513204966035451e-29
2.3229672673096733e-31
2.808154441402534e-31
5.4662333497644e-29
3.682262919419278e-23
1.1528886277294208e-27
1.3737514831575475e-33
6.0226974204291335e-24
4.547490174122162e-31
3.800619559639077e-28
1.531052886208022e-32
3.685564818853474e-31
4.319120345196953e-28
4.539340334761005e-25
2.983044961115614e-31
4.481957774657041e-32
0.0
5.525315752731045e-20
3.0669140139444103e-27
1.2902657875170993e-23
4.748763206926454e-30
5.185246189409378e-29
8.127656078760569e-29
5.370790607659735e-26
2.448543470449326e-21
5.89452349776405e-25
4.206992248683316e-31
1.5828334711364613e-31
3.123245143780631e-33
5.389453519424057e-31
2.890154765063489e-37
3.606114613294391e-30
3.082638202771518e-30
6.631831911420561e-28
1.2304257246961002e-28
1.8380830134090423e-29
1.155361762519257e-29
4.473509449737907e-29
1.351886340716803e-25
1.3635912630401082e-33
1.0639030305392339e-35
1.4127225541703488e-25
6.599301510212402e-28
1.9717686794373658e-25
7.681655553734065e-27
1.833900219183615e-12
2.6459011784004342e-36
5.148305085132527e-31
1.2366640675735412e-30
2.9902066879986477e-34
2.743331432078438e-17
5.349605994569058e-26
4.229740594261265e-26
2.184191225438036e-31
1.3862940036196543e-29
3.672322291946263e-28
4.949973595934298e-24
3.200507816066288e-33
3.356768418075049e-24
4.2471062725850345e-33
0.0
6.262385169496569e-36
9.856086609328297e-31
2.947049141623604e-27
3.4926258058976425e-27
1.5771746883513769e-30
6.1815120811595855e-24
2.6307163038159673e-27
8.917779792171992e-27
1.149151481042959e-28
8.791453424887766e-27
1.9392747591942137e-25
1.9858440005051644e-20
7.158581093818383e-29
6.539558681855024e-28
2.7415314550129178e-33
7.858293453419969e-37
4.5899544362194026e-27
2.009781852677945e-27
2.2109085193203614e-30
8.068767197208103e-31
2.2533072200539558e-26
4.145477255445763e-34
3.23208019564882e-23
1.077110803248286e-25
8.700410402333506e-26
7.672075304115203e-28
2.938220988756217e-23
2.2867147090180878e-26
1.0808930215102714e-25
2.587071113609345e-24
1.736041505310365e-33
9.835892300785206e-36
3.7867296957217435e-34
1.6335402197002692e-22
2.153173435799079e-34
1.0314497891615642e-27
1.8154217392743422e-29
7.354813309593215e-35
1.281588452396431e-30
0.0
5.915183493676778e-31
3.554618332282359e-26
1.698567331683958e-30
4.528805995512007e-18
2.198159019132177e-23
8.781826788861007e-21
6.5414028491029465e-21
3.1505903513799013e-24
3.7454857315487166e-33
2.274944885823263e-24
2.812917281201331e-29
3.069271938626962e-31
7.41081620778167e-31
1.2043885529784763e-34
1.3855326594385137e-29
1.2277120270520915e-21
3.9497183241124886e-33
5.707828129768649e-17
2.0134089310891194e-22
8.325960480111399e-35
1.3119164284705755e-21
1.5618165996557313e-24
5.994200179858014e-34
2.0702755048241426e-27
0.0
5.623805342983045e-38
0.0
6.37676608292829e-30
9.361078436686275e-38
4.2639784172601147e-23
1.5634469471583978e-35
2.3338515362581743e-28
2.1753846426637697e-21
2.0788478004337994e-33
1.7786366230978455e-31
3.095668487120722e-32
3.4302693100497986e-31
2.4135690461150356e-24
1.768220552674544e-36
3.544450850961166e-33
1.2600730795422712e-32
1.517754459842452e-31
2.512285553744253e-36
1.923593069140965e-28
4.703268312866791e-19
8.725076726985086e-25
8.994708666526204e-22
7.551928641280514e-25
3.2154479360055064e-34
5.36438279631491e-33
1.259675996375069e-29
7.778821009597025e-34
6.567968156043988e-33
8.711476102459175e-28
7.235090616881766e-30
4.3899011595481006e-27
3.229362352893585e-27
3.7385169856173385e-27
0.0
5.3396667257288776e-30
1.1947330187416306e-27
2.118998107141181e-20
1.3068738142053757e-25
0.0
0.0
1.0436830209852785e-21
1.509409018413335e-34
1.8785161070321295e-29
7.304165486122525e-31
1.6931220882622485e-28
3.356274780659887e-28
1.675805236251639e-20
4.591305129408e-26
0.0
1.4458922602337325e-34
2.640293973274187e-22
2.9043361297302103e-36
0.0
7.937961822534247e-35
2.4643703836238212e-36
0.0
3.039871884517416e-32
1.4769321956996042e-26
2.2077711719177908e-32
2.5157433449935375e-32
2.8206727509421807e-31
4.69808971725155e-25
2.811207376555772e-32
8.734188594293334e-28
3.387169345121532e-28
4.234899738068962e-37
0.0
2.0977712309063924e-22
9.234099742826696e-17
1.3829535881142401e-17
2.5329961591817144e-27
2.3520874215206092e-33
2.2401895402178636e-15
1.664195312628626e-31
2.6253527815138433e-27
1.743648841093948e-24
9.79891903791439e-23
1.559598153974016e-21
2.2625889685870316e-29
9.425934670147716e-31
1.0168114697297573e-27
1.7785392961152584e-26
4.973487567366673e-24
1.6365845446420293e-14
3.076471702295458e-22
3.0359566653725446e-16
1.0922389054803833e-31
5.1359588973532e-34
3.970617986605862e-37
0.0
1.945626527729614e-31
1.5830833586659546e-28
7.101298071983137e-15
2.292704042996341e-28
1.5336330610432464e-29
3.421381218467565e-20
3.214865041886363e-23
1.0554175840778812e-29
1.8183068605719383e-27
3.708776075011165e-20
3.974648079000349e-30
4.09845321289901e-31
7.07596065522677e-30
2.779455264044722e-30
3.0476836804869015e-26
3.652185310598665e-16
4.638707595350491e-29
2.6199448653980265e-31
2.3929709651666787e-30
1.7544009247985971e-35
2.4076144123869624e-28
3.276704792414534e-26
5.062146066782652e-25
4.139217579801624e-10
4.931818895141622e-17
0.0
2.9519735512846253e-37
9.307321623210868e-36
4.038133667655803e-37
7.13796581932304e-29
1.3910279178525428e-24
0.0
1.541326295411186e-31
2.2004153984680852e-31
2.1609610720073853e-23
1.351800447852402e-30
6.372414083107083e-29
6.844381271572404e-29
4.966490668594234e-32
8.739475890377044e-38
2.113601614176807e-31
1.6094738952114068e-28
1.3198933281359325e-35
4.715235142856502e-33
1.8999605788320324e-17
2.5680470249080927e-30
8.366812064797624e-27
1.6081129849644542e-26
9.689789201045979e-37
1.3099384155626428e-25
3.609767413277085e-27
1.8585482572094007e-32
3.803137293624979e-31
8.423313925831367e-32
1.8544247607799603e-34
1.0900538364050927e-23
2.304412676729119e-33
1.6937956052231002e-26
5.928415107882183e-33
1.0252921805997111e-32
3.5016108455041756e-38
4.199173039570452e-36
8.887391895633108e-33
2.3949464793454112e-35
1.081678522841353e-30
4.142717157975834e-31
5.938644734712094e-26
1.320690281552014e-26
1.5178113992164645e-25
0.0
5.074182005696199e-36
7.60003392223715e-37
0.0
1.936970563488351e-30
4.071907014570435e-27
2.9062695780183466e-25
5.253762372376675e-35
8.15216122966055e-35
1.3295508111506593e-27
3.1312575519011893e-28
4.163452878324339e-32
6.072844694755793e-19
1.7907936031654056e-26
0.0
1.6111681327298163e-37
3.823636799617726e-37
2.440125841336704e-34
1.7627443455382888e-37
0.0
0.0
2.466416178414061e-17
1.1643890295028375e-27
2.2831723448676702e-29
2.8463608473577994e-34
2.9889710513160755e-29
9.369234531847256e-36
2.1324787016325093e-32
1.173668315016878e-21
5.108666470510764e-17
8.382974676213429e-20
4.2221381814802785e-23
1.1060576843868217e-25
1.753443109272262e-36
2.9301694619741013e-33
3.8302558178920447e-34
3.9932102763318156e-12
4.304260573866049e-24
1.5467808240840486e-12
3.1038090521880552e-21
2.550001890093386e-19
4.3654592485106494e-17
2.62293902960134e-13
4.305396896609566e-15
1.2982430234842468e-05
1.3220521673608397e-17
8.192088674086051e-10
8.703964982197381e-18
6.026580524454733e-17
1.1432165689924934e-31
2.831908918241095e-22
8.111949332212374e-22
1.0135821089176077e-26
3.3281568274731355e-24
1.824782403277e-20
4.20106517294839e-28
4.546537349457608e-23
2.137408903929979e-22
1.43920177978974e-25
3.5403852158971683e-13
1.3244845953496284e-18
1.2154758966884035e-25
7.356783065515818e-26
1.4977003998144729e-37
5.784870364264785e-36
0.0
3.035739551676535e-29
0.0
2.662871911738302e-36
1.0317423385078638e-32
0.0
0.0
6.775436590681986e-29
1.034132617304624e-35
1.617358796848474e-27
0.0
2.4948002187687343e-35
5.8058084986564e-35
9.491263731130664e-34
3.0522980352999583e-29
8.969387265730448e-37
1.7327483799270555e-31
1.370273012437156e-30
5.207488403017661e-36
0.0
0.0
1.511753607328841e-35
2.3867618896209375e-38
1.3658104127034683e-31
2.2475766079812677e-30
9.781346797712055e-30
1.073537633126184e-25
1.2718187777874248e-30
1.716470626395128e-33
1.337301505563258e-29
2.571834415819387e-35
2.756521087141535e-30
2.085273684266058e-25
6.299328652836233e-29
1.7874530407606407e-22
8.128797003010742e-23
7.04569307123999e-28
8.064045092332262e-27
1.869744085307521e-14
3.7862096153749903e-19
2.6183576188859982e-30
6.4059961135349335e-31
1.477337141729711e-27
6.500617472529656e-33
1.70607253397554e-32
1.919891533173119e-20
4.634146632130318e-28
2.0078198629352256e-20
1.6960865974833942e-16
6.368463019057877e-19
0.0020674834959208965
6.2321735010522165e-34
3.662282605074426e-18
8.149603898078475e-37
1.0881964979573405e-31
1.7411973487926717e-15
1.7946564373483298e-12
1.190624638811033e-12
1.119660338380671e-23
1.0228518802945821e-22
2.6671321943540216e-13
8.541938829043964e-17
1.2738535994928485e-22
2.8052787523491496e-11
2.6645992082773674e-36
0.0
1.759635908525109e-27
2.8582021713337084e-32
1.0922541130670908e-26
7.68099982273625e-30
2.9024110929305634e-27
2.6174381169406015e-23
8.040763395288464e-34
5.237169862563166e-29
5.8511958055828515e-25
5.903763466376618e-28
1.825769700680224e-29
2.8038240804670453e-35
9.777254784327408e-32
1.3079800257940221e-34
2.489730340073022e-22
6.83956333151975e-26
3.51490575324652e-35
2.793425719428631e-35
4.7676077295367444e-21
1.4292490976900917e-26
8.111751671279657e-25
3.9595539057510095e-33
1.173620103140073e-34
9.546621828790707e-30
1.2414919977859278e-27
2.548654741983462e-38
2.097572237320667e-36
4.021174288153415e-24
1.0289579943914842e-20
7.092375930577485e-34
7.616635161195945e-37
1.4376201329340714e-27
2.0491823734058236e-26
3.398038052334348e-19
3.328106390723223e-31
3.321921727500609e-28
1.002967867798146e-31
9.843604576650222e-25
1.312836833509464e-22
6.317668703254053e-36
3.3193040098443575e-33
2.6750276184939427e-29
5.6302533069562e-20
7.452516488612175e-24
1.6686626987940864e-14
2.7697362090482736e-13
5.212349521871712e-24
4.488307795140183e-31
2.3603128697720913e-32
7.653350515712516e-25
8.504258190749942e-24
9.13927579656975e-31
2.7778897363520286e-35
2.2873863193082946e-26
2.395397996597878e-32
0.0
3.2137237374221096e-31
3.0689407945214957e-33
3.0671105865449006e-21
3.236904444554446e-38
6.094516913674936e-35
3.740036567762768e-23
9.69450879823715e-32
3.9308191646344596e-28
1.0417207427100095e-31
1.353817431589204e-31
5.8788941910793585e-25
1.4609565297737143e-26
1.0395467140257299e-21
1.800067743863778e-33
9.910032160977364e-32
0.0
5.118501600902602e-38
0.0
1.2948835952756714e-34
5.4816039204722e-24
0.0
2.1998111943717626e-31
2.0944283138996406e-30
1.0344321398286964e-28
1.114518594725599e-35
0.0
1.1605991822471564e-24
4.630201530148845e-30
1.3111338603087954e-24
1.7179388232952486e-17
2.6607566186653554e-31
9.847733311372484e-33
1.1089689378106295e-32
2.6998694556613797e-35
6.283892421591431e-23
1.836199712720268e-27
6.927530572125417e-33
4.934591572269557e-33
0.0
4.5247432182960663e-35
0.0
8.847449760983627e-24
3.554195274390313e-35
0.0
2.431500630013601e-36
7.05001762655949e-29
9.764689043590705e-33
3.3888367189708853e-28
2.2738060480100357e-26
1.3824764493580142e-28
1.475464287330094e-31
4.320000518292697e-25
3.3583239701207152e-28
2.0491003145047772e-35
2.4283385832132706e-37
0.0
1.4677845476373018e-31
0.0
0.0
0.0
6.199817484534547e-38
1.1013814068334517e-30
8.041527889794465e-27
2.5488316607410767e-29
6.253633619794416e-33
5.030848279005143e-31
7.680989243603066e-25
3.8127116010728785e-30
5.969462618273003e-27
5.605581288298685e-37
5.9573560801346495e-36
3.48272729635547e-27
3.687730314546559e-31
2.041171272801738e-30
3.758575365432199e-29
8.026656099505149e-29
4.79356413512601e-26
9.687445616157197e-25
2.572178433528295e-27
1.7465498737937394e-33
0.0
0.0
8.465292788172778e-38
2.666394407121334e-32
0.0
0.0
0.0
0.0
7.109132837876915e-37
3.518603666813527e-30
4.1706792114789195e-35
1.9322812873015225e-33
6.873361347058327e-17
2.9882535765912095e-21
1.5243728089516882e-34
6.13650255996902e-37
5.175574673280643e-32
1.6369644687743133e-30
0.0
6.534016005938355e-30
2.4995480706692598e-17
1.363362109846231e-26
1.0210052784801578e-27
1.0428632114890238e-21
2.585290898879862e-35
1.2396590227765809e-37
6.221876176416485e-30
6.528941284419207e-35
3.782784966871565e-28
0.0
2.0448607406850142e-27
1.591811143543183e-26
9.162526215198549e-38
3.5564683195734766e-23
1.5818503346812076e-30
0.0
3.373942456638516e-33
3.9851722984510724e-36
0.0
7.97195730283102e-33
4.625289033462267e-32
4.26284563518693e-28
1.3029615786791978e-32
4.976546059982306e-23
7.143361325565321e-21
2.2135686406765386e-21
6.5190230640147745e-24
5.33774122704398e-34
8.758387676239082e-18
1.1775983859531068e-26
1.4245031762478113e-33
4.434698778878306e-38
0.0
8.887391895633108e-33
1.5073015587934162e-36
2.133025012632054e-31
6.783041492710604e-36
1.151405744427045e-30
7.547316547509211e-27
4.671564562054845e-27
1.4952985938386562e-20
5.748758765773443e-25
1.185351811349413e-31
6.209273661135696e-19
4.8717320047717624e-24
1.7448908425967713e-34
1.9738325367806503e-23
2.506438740806581e-27
1.0367710941571319e-35
4.9806113179933734e-30
6.406455275245291e-25
2.9047681114473077e-21
2.0875567586593326e-26
1.2970034376848657e-28
6.55916729684256e-29
3.0576516775814676e-26
3.765661719032294e-38
8.655288883024316e-34
1.0097176739100026e-29
3.1273882816111945e-14
2.2866482289978955e-23
6.226984705593972e-29
3.4146400547107006e-32
4.76707067303247e-25
2.453050229411217e-28
2.9023144266547947e-25
1.1835518976343944e-26
1.4967272426316864e-25
9.08224776959441e-30
1.20810600880422e-20
3.064053493368514e-24
9.066156323982501e-29
1.4599841081845672e-30
6.791296172384184e-30
2.2513321095625086e-25
2.9355672606710534e-22
1.869400290248234e-23
0.0
0.0
9.559804786346196e-32
1.5278672965172936e-32
2.500394263222828e-34
3.9327643188254854e-38
1.343579228441847e-31
6.364186108424367e-35
4.5564640398230245e-25
3.233884821588995e-28
1.1602430577837746e-35
2.4079755657464856e-33
2.02872259187917e-35
0.0
8.180154334574422e-38
1.568001553615526e-31
1.3295192486192598e-36
3.382470358208932e-35
3.1929568843408218e-27
5.5256671716899975e-30
1.1333093031198463e-36
0.0
1.1863587196065183e-34
1.6350868375418127e-29
1.9671947331773716e-31
1.0526180455398725e-31
1.0312001585962645e-23
6.959757114156459e-28
2.333856229364263e-24
7.031569263992826e-28
0.0
0.0
6.715087298457945e-32
3.9822200652672083e-38
2.3459021631011243e-35
1.7631472986062693e-30
3.9009842678930754e-30
8.2408341409196e-35
2.1586425797671175e-19
3.756546453319744e-18
1.0475568227689607e-27
0.0
2.0538829636517226e-34
0.0
0.0
7.024523733418634e-34
5.17838987880736e-28
7.846916039291537e-28
1.2862943067328094e-24
1.2213961706707108e-27
2.758365977564981e-27
4.687048625033707e-31
1.3093751067531127e-38
1.0793445699915877e-32
0.0
1.5352368491117795e-29
1.051843911980195e-30
6.274550415207442e-23
2.544735195832791e-34
2.986939138801018e-31
9.68319661410645e-25
2.251612160961652e-28
1.3762614132421659e-29
3.960502752495322e-27
1.477807517769023e-31
1.178985713972122e-36
0.0
0.0
5.859724085301425e-34
4.961611471542406e-22
1.5604646892794088e-24
2.468332367818225e-35
1.3087599984382164e-32
3.3870892800917214e-37
6.651126652489308e-31
1.0937540321226044e-28
1.4462764334607583e-30
9.982684501329986e-23
9.499664858129596e-27
3.941641702262028e-30
7.329261067998456e-30
1.1456839120193814e-37
5.702879920280856e-36
5.147861000293905e-28
2.0128464417092606e-24
1.3358819654582363e-17
4.503232868237432e-29
5.964488428727668e-31
3.256117916848109e-35
1.2228855810700389e-31
5.919240374474015e-33
4.023419922661164e-29
4.400125248122446e-36
0.0
2.279646695674437e-19
4.849981531893009e-24
6.32598501727625e-37
2.6870698833843597e-33
9.722709356559364e-36
9.628433852252964e-38
0.0
6.473452562153481e-31
0.0
1.0139867684656353e-29
7.398000065589344e-29
1.222505974454895e-34
0.0
2.8901144154216398e-27
7.941582390109307e-16
1.7857317970483692e-26
4.020456623654153e-30
1.22252055333991e-33
1.123403305882241e-24
4.107453267846646e-31
8.841778747527769e-32
3.8386196018892956e-28
3.835399206281037e-28
9.091248209818313e-25
9.861165843134845e-23
5.215108908014368e-26
3.874784783680391e-34
3.7421352964077006e-30
9.562732684165337e-30
8.463327046687024e-37
8.917335157620783e-35
1.3268737613480942e-22
0.0
1.160747384867493e-28
9.718766299660719e-31
4.784753390816427e-28
0.0
5.274951002433358e-34
3.602590196524013e-25
7.415334910351167e-25
3.462449099731772e-33
3.3063632864097427e-33
6.07594045821069e-37
2.809460666337237e-24
6.379826118063647e-06
3.825442120349978e-24
1.848375048116939e-16
7.494403772056398e-22
1.506977756981603e-16
3.579720691325208e-28
2.967582776736144e-11
1.7338282987111597e-06
8.51358439584067e-14
5.4010357812849415e-25
1.3325686079565649e-32
1.792571028641409e-33
2.3083895210547446e-33
1.2074429045201225e-27
7.821744676586193e-30
2.3271108998135226e-11
1.2912390347340194e-33
8.693076434628445e-34
7.930281619990554e-33
4.162223017829989e-28
7.218077922241185e-31
4.6906415235169953e-32
2.8110115281766654e-34
0.0
4.788774344950433e-34
2.7809342552412213e-34
6.984274804201616e-29
0.0
1.135314392707747e-33
0.0
0.0
0.0
1.6226207810770486e-31
3.993847165513934e-36
6.238206858638674e-29
1.2090827351265642e-36
5.479034844452228e-35
0.0
0.0
1.4697362670266102e-36
2.634212702161617e-18
3.2858255415570174e-21
1.41107771273838e-28
3.210891325009086e-32
1.401232524372277e-31
8.73047509937474e-24
9.867018765565662e-34
1.3029940427768822e-28
2.7485410791717688e-30
2.1865922901990256e-31
5.9192859248801095e-33
9.992329695972783e-32
1.7672145090601145e-30
1.5322067355063717e-36
1.5262394159867438e-28
9.483871777250537e-36
3.224098004040574e-32
3.138250492118064e-22
3.743697878109513e-34
2.0593392548615795e-38
0.0
1.0830083158652181e-37
6.49890281198089e-34
2.935826940430654e-28
4.700399030116998e-19
3.988317667707191e-30
4.879818063243359e-26
4.2905229556320776e-24
2.6692173285929694e-29
1.9136039927431575e-27
1.0890458797064311e-27
2.3239184925795905e-21
3.590329510914261e-30
1.2759299047102167e-30
2.777051593956624e-36
9.731165983575491e-22
5.080886149890508e-20
0.0
5.674866578375081e-35
0.0
3.307023177631717e-38
8.06435501589649e-34
0.0
8.143127134670625e-25
4.66869348199025e-28
2.2487709328111947e-28
4.567057055110583e-27
1.3722761718301858e-38
4.947267753051508e-29
2.503366388649577e-31
2.7140805666447576e-26
2.7433306960536452e-33
7.489360301152837e-33
2.2161584743504302e-17
5.589177056830423e-14
1.1294439589601643e-25
8.613116073178393e-22
1.6983428383281546e-20
2.3533900540786927e-17
2.0611708515679842e-30
2.718720700149286e-35
4.745617232515542e-10
3.4895717788510313e-22
1.2918680658587786e-28
3.2796207164601387e-32
1.2656779739297572e-36
1.0973888637807708e-30
2.1727520748137417e-35
5.410322775930815e-30
7.892503658499194e-24
2.57145134682604e-28
3.1039945868607463e-16
4.948663550406216e-22
6.334901975161128e-20
2.0775104745154943e-23
5.9940292600406684e-30
9.875385810369314e-25
9.00933234344286e-38
0.0
1.4614109174319145e-37
1.3980810019772033e-33
0.0
0.0
0.0
0.0
0.0
1.6775538805569397e-17
1.0347465106974596e-08
6.794595322125256e-20
2.8688217394803036e-23
1.0635313425681105e-17
1.3036576182716784e-32
1.5633782484252294e-24
2.2189353589850644e-30
2.642955167315373e-29
1.4295548632204701e-33
2.475805438371542e-24
1.504662280188418e-13
2.693605815645924e-34
2.8984222982942684e-31
1.555451949753031e-35
3.517672354965465e-33
5.725696025093182e-16
3.1198558585513207e-30
1.75765829540901e-33
1.455567340975618e-32
2.180168967302521e-25
7.0523616036724305e-28
7.162233947215541e-31
4.855552507614617e-32
1.7835892631557406e-24
1.0577798091497981e-36
0.0
3.9065310487830123e-19
3.4569392268078085e-29
8.657382357647894e-31
0.0
2.1080204845485377e-32
2.287107746846084e-33
1.1826641410105413e-15
6.882782210199835e-24
1.3439524954220591e-25
7.930616881489268e-25
2.335650595567475e-28
4.049174773257391e-09
0.00013911644055042416
4.9262167678421065e-09
1.1918437070601584e-10
4.888553311099122e-27
2.8310231221078405e-22
1.638303351513441e-35
0.0
4.600165691516343e-23
1.9324434687877375e-33
1.384052543994525e-38
0.0
5.939410204495195e-35
3.5498972448391965e-29
0.0
2.979486786735449e-30
6.521031158752821e-26
1.8092645039272436e-26
1.827260942217632e-29
3.8119404415956995e-38
1.0
1.0
1.0
1.0
1.0
1.0
1.0
1.0
1.0
1.0
1.0
1.0
1.0
1.0
1.0
1.0
1.0
1.0
1.0
1.0
1.0
1.0
1.0
1.0
1.0
1.0
1.0
1.0
1.0
1.0
1.0
1.0
1.0
1.0
1.0
1.0
1.0
1.0
1.0
1.0
1.0
1.0
1.0
1.0
1.0
1.0
1.0
1.0
1.0
1.0
1.0
1.0
1.0
1.0
1.0
1.0
1.0
0.9999967813491821
1.0
1.0
1.0
1.0
1.0
1.0
1.0
1.0
1.0
1.0
1.0
1.0
1.0
1.0
1.0
1.0
1.0
1.0
1.0
1.0
1.0
1.0
1.0
1.0
1.0
1.0
1.0
1.0
1.0
1.0
1.0
1.0
1.0
1.0
1.0
1.0
1.0
1.0
1.0
1.0
1.0
1.0
1.0
1.0
1.0
1.0
1.0
1.0
1.0
1.0
1.0
1.0
1.0
1.0
1.0
1.0
1.0
1.0
1.0
1.0
1.0
1.0
1.0
1.0
1.0
1.0
1.0
1.0
1.0
1.0
1.0
1.0
1.0
1.0
1.0
1.0
1.0
1.0
1.0
1.0
1.0
1.0
1.0
1.0
1.0
1.0
1.0
1.0
1.0
1.0
1.0
1.0
1.0
1.0
1.0
1.0
1.0
1.0
1.0
1.0
1.0
1.0
1.0
1.0
1.0
1.0
1.0
1.0
1.0
1.0
1.0
1.0
1.0
1.0
1.0
1.0
1.0
1.0
1.0
1.0
1.0
1.0
1.0
1.0
1.0
1.0
1.0
1.0
1.0
1.0
1.0
1.0
1.0
1.0
1.0
1.0
1.0
1.0
1.0
1.0
1.0
1.0
1.0
1.0
1.0
1.0
1.0
1.0
1.0
1.0
1.0
1.0
1.0
1.0
1.0
1.0
1.0
1.0
1.0
1.0
1.0
1.0
1.0
1.0
1.0
1.0
1.0
1.0
1.0
1.0
1.0
0.9999722242355347
1.0
1.0
1.0
1.0
1.0
1.0
1.0
1.0
1.0
1.0
1.0
1.0
1.0
1.0
1.0
1.0
1.0
1.0
1.0
1.0
1.0
1.0
1.0
1.0
1.0
1.0
1.0
1.0
1.0
0.9996063113212585
1.0
1.0
1.0
1.0
1.0
1.0
1.0
1.0
0.9999998807907104
1.0
1.0
1.0
1.0
1.0
1.0
1.0
1.0
1.0
1.0
1.0
1.0
0.9970009922981262
1.0
1.0
1.0
1.0
1.0
1.0
1.0
1.0
1.0
1.0
1.0
1.0
1.0
1.0
1.0
1.0
1.0
1.0
1.0
1.0
1.0
1.0
1.0
1.0
1.0
1.0
1.0
1.0
1.0
1.0
1.0
1.0
1.0
1.0
1.0
1.0
1.0
1.0
1.0
1.0
1.0
1.0
1.0
1.0
1.0
1.0
1.0
1.0
1.0
1.0
1.0
1.0
1.0
1.0
1.0
1.0
1.0
1.0
1.0
1.0
1.0
1.0
1.0
1.0
1.0
1.0
1.0
1.0
1.0
1.0
1.0
1.0
1.0
1.0
1.0
1.0
1.0
1.0
1.0
1.0
1.0
0.9999852180480957
1.0
1.0
1.0
1.0
1.0
1.0
1.0
1.0
1.0
1.0
1.0
1.0
1.0
0.9999920129776001
1.0
1.0
1.0
1.0
1.0
1.0
1.0
1.0
1.0
1.0
0.9999997615814209
1.0
1.0
1.0
1.0
1.0
1.0
1.0
1.0
1.0
1.0
0.9999973773956299
0.9975677132606506
0.9975677132606506
1.0
1.0
1.0
1.0
1.0
1.0
1.0
0.0005513704963959754
1.0
1.0
1.0
1.0
0.9999997615814209
1.0
1.0
1.0
1.0
1.0
1.0
1.0
1.0
1.0
1.0
1.0
1.0
1.0
1.0
1.0
1.0
1.0
0.9997188448905945
1.0
1.0
1.0
1.0
1.0
1.0
1.0
1.0
1.0
1.0
1.0
0.5741150379180908
1.0
1.0
1.0
0.9999997615814209
1.0
1.0
1.0
1.0
1.0
1.0
1.0
1.0
1.0
1.0
1.0
1.0
1.0
1.0
1.0
0.9999791383743286
0.9999791383743286
1.0
1.0
1.0
1.0
1.0
1.0
1.0
1.0
1.0
1.0
1.0
1.0
1.0
1.0
1.0
1.0
1.0
1.0
1.0
1.0
1.0
1.0
1.0
1.0
1.0
1.0
1.0
1.0
1.0
1.0
1.0
1.0
0.9976792931556702
1.0
1.0
1.0
1.0
1.0
1.0
1.0
1.0
1.0
1.0
1.0
1.0
1.0
1.0
1.0
1.0
1.0
1.0
1.0
1.0
1.0
1.0
1.0
1.0
1.0
1.0
1.0
1.0
1.0
1.0
1.0
1.0
1.0
1.0
1.0
0.9999983310699463
1.0
1.0
1.0
1.0
1.0
1.0
1.0
1.0
1.0
1.0
1.0
1.0
1.0
1.0
1.0
1.0
1.0
1.0
1.0
1.0
1.0
1.0
1.0
1.0
0.9995107650756836
1.0
1.0
1.0
1.0
1.0
1.0
1.0
1.0
1.0
1.0
1.0
1.0
1.0
1.0
0.9999998807907104
0.9999994039535522
1.0
1.0
1.0
1.0
1.0
1.0
1.0
1.0
1.0
1.0
1.0
1.0
1.0
1.0
1.0
1.0
1.0
1.0
1.0
1.0
1.0
1.0
1.0
1.0
1.0
1.0
1.0
1.0
1.0
1.0
1.0
1.0
1.0
1.0
1.0
1.0
1.0
1.0
1.0
1.0
1.0
1.0
1.0
1.0
1.0
1.0
1.0
1.0
1.0
1.0
1.0
1.0
1.0
1.0
1.0
1.0
1.0
1.0
1.0
1.0
1.0
1.0
1.0
1.0
1.0
1.0
1.0
1.0
1.0
1.0
1.0
1.0
1.0
1.0
1.0
1.0
1.0
1.0
1.0
1.0
1.0
1.0
1.0
1.0
1.0
1.0
1.0
1.0
1.0
1.0
1.0
1.0
1.0
1.0
1.0
1.0
1.0
1.0
1.0
1.0
1.0
1.0
1.0
0.9999942779541016
1.0
1.0
1.0
1.0
1.0
1.0
1.0
1.0
1.0
1.0
1.0
1.0
1.0
1.0
1.0
1.0
1.0
1.0
1.0
1.0
1.0
1.0
1.0
1.0
1.0
1.0
0.0026894083712249994
1.0
1.0
1.0
1.0
1.0
1.0
1.0
0.010785472579300404
0.9985721111297607
0.8878769278526306
1.0
1.0
1.0
0.9999990463256836
0.9984425902366638
1.0
1.0
1.0
1.0
1.0
1.0
1.0
0.005458629224449396
0.9999983310699463
1.0
1.0
1.0
1.0
1.0
1.0
1.0
1.0
1.0
1.0
1.0
1.0
1.0
1.0
1.0
1.0
7.236114470288157e-05
0.056750208139419556
0.9999998807907104
1.0
1.0
1.0
1.0
1.0
1.0
1.0
1.0
1.0
1.0
1.0
1.0
0.9999996423721313
1.0
1.0
0.9962825179100037
1.0
0.5214966535568237
1.0
1.0
0.008718700148165226
1.0
1.0
1.0
1.0
1.0
1.0
1.0
1.0
0.31837379932403564
1.0
1.0
0.9897482991218567
1.0
1.0
1.0
1.0
1.0
1.0
1.0
1.0
1.0
1.0
1.0
1.0
1.0
1.0
1.0
1.0
1.0
1.0
1.0
1.0
1.0
1.0
1.0
1.0
1.0
1.0
1.0
1.0
1.0
1.0
1.0
1.0
1.0
1.0
1.0
1.0
1.0
1.0
1.0
1.0
1.0
1.0
1.0
1.0
1.0
1.0
1.0
1.0
1.0
1.0
1.0
1.0
1.0
1.0
1.0
1.0
1.0
1.0
1.0
1.0
1.0
1.0
1.0
1.0
1.0
1.0
1.0
1.0
1.0
1.0
1.0
1.0
1.0
1.0
1.0
1.0
1.0
1.0
1.0
1.0
1.0
1.0
1.0
1.0
1.0
1.0
1.0
1.0
1.0
1.0
1.0
1.0
1.0
1.0
1.0
1.0
1.0
1.0
1.0
1.0
1.0
1.0
1.0
1.0
1.0
1.0
1.0
1.0
1.0
1.0
1.0
1.0
1.0
1.0
1.0
1.0
1.0
1.0
1.0
1.0
1.0
1.0
1.0
1.0
1.0
1.0
1.0
1.0
1.0
1.0
1.0
1.0
1.0
1.0
1.0
1.0
1.0
1.0
1.0
1.0
1.0
1.0
1.0
1.0
1.0
1.0
1.0
1.0
1.0
1.0
1.0
1.0
1.0
1.0
1.0
1.0
1.0
1.0
1.0
1.0
1.0
1.0
1.0
1.0
1.0
1.0
1.0
1.0
1.0
1.0
1.0
1.0
1.0
1.0
1.0
1.0
1.0
1.0
1.0
1.0
1.0
1.0
1.0
1.0
1.0
1.0
1.0
1.0
1.0
1.0
1.0
1.0
1.0
1.0
1.0
1.0
1.0
1.0
1.0
1.0
1.0
1.0
1.0
1.0
1.0
1.0
1.0
1.0
1.0
1.0
1.0
1.0
1.0
1.0
1.0
1.0
1.0
1.0
1.0
1.0
1.0
1.0
1.0
1.0
1.0
1.0
1.0
1.0
1.0
1.0
1.0
1.0
1.0
1.0
1.0
1.0
1.0
1.0
1.0
1.0
1.0
1.0
1.0
1.0
1.0
1.0
1.0
1.0
1.0
1.0
1.0
1.0
1.0
1.0
1.0
1.0
1.0
1.0
1.0
1.0
1.0
1.0
1.0
1.0
1.0
1.0
1.0