1.0
1.0
1.0
1.0
1.0
1.0
1.0
1.0
1.0
1.0
1.0
1.0
1.0
1.0
1.0
0.9945071339607239
1.0
1.0
1.0
1.0
1.0
1.0
1.0
1.0
1.0
1.0
1.0
1.0
1.0
1.0
1.0
1.0
1.0
1.0
1.0
1.0
1.0
1.0
1.0
1.0
1.0
1.0
1.0
1.0
1.0
1.0
1.0
1.0
1.0
1.0
1.0
1.0
1.0
1.0
1.0
1.0
1.0
1.0
1.0
1.0
1.0
1.0
1.0
1.0
1.0
1.0
1.0
1.0
1.0
1.0
1.0
1.0
1.0
1.0
1.0
1.0
1.0
1.0
1.0
0.99998939037323
1.0
1.0
1.0
1.0
1.0
1.0
1.0
1.0
1.0
1.0
1.0
1.0
1.0
0.9837719798088074
0.9999940395355225
1.0
1.0
1.0
1.0
1.0
1.0
1.0
1.0
0.9999768733978271
0.9999656677246094
1.0
0.9919700026512146
1.0
1.0
1.0
1.0
1.0
1.0
1.0
0.9999998807907104
1.0
1.0
1.0
1.0
1.0
1.0
1.0
1.0
1.0
1.0
1.0
1.0
1.0
1.0
1.0
1.0
1.0
1.0
1.0
1.0
1.0
1.0
1.0
1.0
1.0
1.0
1.0
1.0
1.0
1.0
1.0
1.0
1.0
1.0
1.0
1.0
1.0
1.0
1.0
1.0
1.0
1.0
1.0
1.0
1.0
1.0
1.0
1.0
1.0
1.0
1.0
1.0
1.0
1.0
1.0
1.0
1.0
1.0
1.0
1.0
1.0
1.0
1.0
1.0
1.0
1.0
1.0
1.0
0.9999617338180542
1.0
1.0
1.0
1.0
1.0
1.0
1.0
1.0
1.0
1.0
1.0
1.0
1.0
1.0
1.0
1.0
1.0
1.0
1.0
1.0
1.0
1.0
1.0
1.0
1.0
1.0
1.0
1.0
1.0
1.0
1.0
1.0
1.0
1.0
1.0
1.0
1.0
1.0
1.0
1.0
1.0
1.0
1.0
1.0
1.0
0.9999995231628418
1.0
1.0
1.0
1.0
1.0
1.0
1.0
1.0
1.0
1.0
1.0
1.0
1.0
1.0
1.0
1.0
1.0
1.0
1.0
1.0
1.0
1.0
1.0
0.908238410949707
0.9806390404701233
1.0
1.0
1.0
1.0
1.0
1.0
1.0
1.0
1.0
1.0
1.0
1.0
0.9999997615814209
1.0
1.0
1.0
1.0
1.0
1.0
1.0
1.0
1.0
1.0
1.0
1.0
1.0
1.0
1.0
1.0
1.0
1.0
1.0
1.0
1.0
1.0
1.0
1.0
1.0
1.0
1.0
1.0
1.0
1.0
1.0
1.0
2.566672846929753e-25
1.3932948822270183e-25
2.742977762735735e-16
5.741272617777858e-22
1.0564678653377855e-16
1.5291524760297458e-14
2.465426032881077e-19
2.494786521278384e-16
1.8116521226127242e-28
0.0
1.1150709696705922e-21
1.510717513521468e-33
1.2932053015833841e-34
4.999362694151684e-22
1.1814697991152719e-23
2.0888159925287724e-33
2.280968670914001e-15
1.7127768523134482e-16
1.0548081090648895e-32
5.123523971505328e-30
1.6215713834158322e-28
7.249275957408451e-34
3.9510280245781126e-26
9.272703067772536e-20
4.2658180115996876e-15
1.6205204907646867e-20
6.750323078286158e-10
2.2870647042871894e-10
1.2722270543367824e-14
1.502918020709642e-17
1.3218830912404822e-36
1.6511397043695233e-28
3.4461182088593365e-28
2.6335470082797804e-35
2.6500624506632693e-29
1.993671063507157e-26
1.0126000387203658e-27
1.0617729362946479e-23
9.104357892586457e-12
4.38616098079309e-23
1.094873432368193e-12
1.789690408539454e-15
7.528285124096359e-26
1.7816978212240535e-25
1.9530441491092916e-27
4.601031229701551e-28
1.7684400194889585e-17
1.819598617474495e-18
1.0538870783702323e-17
2.0824512416320467e-33
1.841146379041509e-25
7.498346309534076e-23
1.3366975655422135e-17
1.3160586234374336e-18
0.9999995231628418
8.112907567969785e-11
1.1623082704637078e-11
2.1336444421562973e-15
8.834878631370206e-22
1.4636663891460756e-35
1.7065896077099533e-36
3.8369700487693996e-33
3.220890479809577e-24
6.1197631450701584e-30
3.3201685124709904e-31
1.1982917057164763e-22
1.155610606815676e-18
4.414707522417797e-26
2.3417444367285e-20
1.182068449916055e-32
1.5814174292640597e-28
1.2769150333988063e-35
1.305240360238713e-09
8.066125350113251e-15
4.159123623981168e-15
7.326191666952982e-21
1.0182950321093422e-33
0.0
3.329531212496648e-22
5.4298336416681e-25
1.0960799085033335e-29
3.6471147386098513e-25
5.737153754110646e-23
5.572246577628133e-26
5.955285297316009e-37
1.5821898475423805e-28
5.805639375466853e-06
6.19344020513779e-10
2.198726211355626e-26
7.337298828498494e-20
4.899993781494645e-14
7.221699434012407e-07
5.075258512749236e-24
2.9486010559727914e-27
1.4616451565332037e-22
2.959062995567878e-31
7.890191925883161e-30
1.0060555746949424e-25
4.8989891550957785e-27
1.2440608710296425e-13
2.9448917970853472e-08
2.1899573100721314e-15
1.2289975703794198e-09
2.146340223015823e-21
4.498896795189184e-33
2.236884841174151e-15
1.3152342184035766e-20
7.524231307177821e-20
3.0336034139548622e-33
4.787773341413864e-25
3.597109277236199e-26
2.1024493231123635e-30
6.727474540377476e-31
1.0028630471607217e-19
2.6890237125116693e-29
2.9279557046174667e-19
2.0060408344765683e-15
1.353706921837172e-19
9.005746939436327e-18
6.426106539951445e-26
2.5538594262005116e-17
4.3387199323878744e-29
1.8213727975076959e-22
8.451723942926037e-08
7.763297708554855e-24
3.635945174370738e-18
4.0832452619578955e-20
1.1694032314163444e-16
1.9783404035374452e-23
2.417953568839988e-18
3.3455450900116233e-16
2.90965531790966e-16
1.6035991978746722e-10
8.664981349591186e-16
1.318035363765998e-22
1.1886690092433284e-19
3.48539619292929e-21
5.882384681028948e-28
5.855874493068924e-21
1.7121718224540472e-28
1.594375711857129e-26
5.858582594328752e-27
5.588462093260305e-13
1.8910466334874985e-23
1.4833939254724022e-23
9.453135353638173e-28
0.0
8.807050089650855e-37
2.1218697572096302e-35
6.622573379832372e-22
6.739838954410443e-21
1.7861524490371726e-28
3.910737462071283e-33
3.7651160336615545e-23
3.238071840072768e-34
6.719113484158947e-31
1.632758679626197e-18
3.8538884445922475e-23
3.896034101314531e-29
7.521191692999588e-27
6.436374438296349e-22
4.99797925793536e-26
8.841367520144857e-26
2.160521934118838e-18
2.4229415025299665e-24
7.745244144082216e-19
2.913050084017754e-26
3.419589149802634e-27
3.1449185045449096e-34
9.429950200077062e-26
1.2089951471833577e-21
4.352615335966082e-20
7.735144020893543e-27
5.835832633840974e-19
1.7318096166283912e-24
8.745407447449669e-24
8.190443606503795e-19
2.7295192343622083e-34
5.186291984415508e-30
4.211468541914325e-25
5.384956022758125e-11
1.7901342538038153e-15
1.8534177158729666e-22
4.736064400489449e-22
2.4656974515195712e-20
1.3207453253905825e-19
4.192897453390333e-14
6.410453049552413e-21
1.775201210487217e-22
2.0378585956847263e-21
2.0684099542318112e-22
6.565394196419853e-16
3.4912721602609054e-09
3.115211559217514e-19
5.024762811283489e-18
7.39518402303616e-20
6.008266945662107e-23
6.702448891845927e-16
1.0494453896724269e-26
6.223060536831107e-16
1.3716865472152063e-28
6.261103339375244e-26
1.528691265283279e-22
6.561913684228002e-31
3.522705364955071e-27
9.653174540206001e-25
7.51482556737848e-12
6.214733673564005e-16
1.1407084180231966e-14
0.000703236204572022
0.005447675008326769
1.4543077853090836e-09
5.587232806520053e-18
8.163035183702004e-17
1.9315104054476624e-15
7.611557868367202e-13
1.6638354319559852e-21
1.568671947893563e-08
5.157230232702109e-23
5.097756006860727e-28
2.2828557801960455e-24
5.875801376638919e-32
4.1956695839126924e-27
1.1108134140133762e-27
2.8771723984758455e-16
7.075707343174101e-14
4.504138460485329e-16
7.659080490936645e-16
1.5249330687083784e-09
5.791543571831426e-06
1.4689829352931838e-09
1.6529358719437337e-13
5.104974634836204e-21
2.6997219524261866e-30
3.968202389301389e-26
8.594826522417461e-24
4.1604852896171e-09
1.1021993393126408e-33
4.120270064789325e-33
3.632896260350341e-25
3.9024727258598606e-30
4.139170165761187e-35
8.584958266923599e-25
1.2969410267960058e-10
1.6943595415597201e-09
1.4194822710851085e-15
6.80716926918087e-15
2.0208956747890406e-15
1.1138391491044844e-19
7.716635063756004e-27
2.4365559105513036e-25
3.738731516165978e-19
2.5243046519473737e-20
7.418635885871745e-20
2.767831345462661e-27
4.018558526365898e-21
2.6809963642810904e-27
3.334659568152244e-26
1.897768678587198e-14
1.8892396447166277e-20
1.2696534970363503e-20
6.1370818572557276e-24
6.581733445428776e-19
2.385341394163656e-16
1.203678284635597e-24
9.000117318080925e-10
2.2488334111558927e-11
1.4104102576420282e-28
3.9029910916377294e-24
2.4177557178539644e-10
8.011330449942192e-14
3.7863801178629475e-13
1.5503762244964492e-26
5.976112616920548e-13
1.3768264958809373e-17
4.120063223922443e-08
1.091901525793193e-12
2.3063326422267938e-12
1.2966191552594014e-18
8.771582350844994e-21
1.2433042684278917e-07
1.464554255647954e-09
4.858392097103429e-15
8.481804122000339e-17
4.7191299479276694e-11
1.05581163979679e-15
2.1758463086829494e-12
1.725881405811746e-23
1.545840885852634e-11
4.405840013986865e-19
1.338720735583184e-21
8.850868905027909e-22
1.2190935755427931e-17
2.187468144937947e-16
1.4800729252157131e-27
2.877609028736503e-25
4.4936038058412085e-15
1.3864617768973632e-16
1.2688359937907293e-19
5.873766792410648e-23
3.7408256941381727e-28
2.3336168495225735e-23
1.1156913108230738e-30
1.3131449229745697e-33
1.3467665108444406e-30
1.6895258052956253e-31
1.8437976291304175e-16
3.657745625383836e-25
6.928721130584928e-25
1.26624032853454e-25
2.7893380700355374e-19
2.5268936404268562e-22
9.975091368018436e-22
9.656157302787363e-14
1.1529273064177685e-21
7.995572643445678e-30
1.4690978389353404e-07
2.534564114923732e-18
1.1943608752274576e-17
4.920743500169689e-12
1.0637905205770034e-33
1.0304129278654807e-32
2.2398346905147888e-34
9.955811481277089e-23
7.233748959915726e-27
1.737697563491396e-26
2.551205867494898e-36
0.0
7.326783702181273e-27
1.6330903215126473e-31
1.721876674540301e-23
1.5774065742287263e-26
9.023609221318895e-30
7.241092915979663e-27
3.089716083670718e-21
7.152803227871962e-34
1.0582616563663077e-33
7.244986665766022e-35
1.2470194860597971e-23
2.5281321845885656e-26
3.194909592415156e-25
2.552067087269586e-25
3.0067479666855928e-18
1.3808265026959258e-36
7.262103735020961e-38
1.3224651238086519e-33
4.0328114598576607e-35
4.72179642612311e-29
3.1164405302446676e-31
1.5751590971838e-24
5.593832621325879e-22
1.8533897930318906e-29
0.0
1.0572951251383419e-22
8.700422378006642e-31
3.115469702087704e-36
1.663934147171232e-32
0.0
1.8796549635750254e-30
3.5545550330588496e-31
3.2020258455177086e-38
2.648687818165463e-29
1.2513332514932586e-36
4.2345009538234056e-27
0.0
3.323659734830673e-27
3.4778379741168405e-29
1.4280890715659884e-25
4.484898578501374e-25
1.4147952841525165e-30
3.670207620867326e-28
9.210332643325545e-29
7.452239757931952e-37
1.611804145258669e-26
4.624581696321267e-14
2.0113455392739174e-28
2.4153993390006165e-26
4.151661699497455e-28
1.7246701213351846e-16
5.355526548407418e-34
0.0
2.801574502753833e-23
3.8379668156383653e-25
1.5560211540523974e-28
5.214466880008107e-28
1.1297522162570517e-14
9.149221297569642e-15
1.0451683531771845e-15
5.1476084679535905e-12
4.0029710485130164e-27
2.787434371659284e-34
1.0489588726850848e-30
2.0093287295102794e-28
3.018709335587359e-27
2.9078133226629877e-31
3.858579405965144e-24
3.0186110187995527e-16
5.167395226237339e-29
1.5051457547872269e-30
1.1021489216252501e-33
4.450532173540977e-36
5.104721391552966e-21
2.8848734499787142e-18
3.0290965980011683e-31
5.35596349663872e-16
0.0
3.722999579649495e-37
5.462814824113112e-29
3.162162323415381e-31
7.174815172120011e-38
0.0
2.716291725034692e-15
9.459476718020147e-37
9.84308373123755e-24
4.023011890328321e-26
2.1335150865018082e-22
2.6223647380686293e-31
0.5641012787818909
4.1012006401361585e-26
8.525501426066638e-24
3.4788660575887555e-18
1.4336203995586841e-22
2.9656986531713626e-37
0.0
2.5504800112127023e-33
7.59968595180249e-37
1.5485218282124284e-24
1.5583410757225538e-24
0.0
3.3188227918444896e-33
3.0195216247370185e-23
8.003724292398574e-29
7.271046211069938e-26
1.2542411378685462e-25
3.541927404279719e-23
4.692810462858585e-23
7.669263085284533e-29
1.421060745633203e-35
4.0333747459670786e-38
1.599633651092093e-33
3.274185054257784e-31
6.315808143239281e-30
0.0
1.2535782333979857e-22
1.929528367693973e-31
0.0
8.746553666389408e-29
4.386323804173031e-10
3.3565532129538004e-30
4.400442887137444e-14
6.936085142654133e-14
1.8863005686026502e-21
1.8863005686026502e-21
1.822663910374053e-24
1.2830363793179998e-30
1.6072214900487906e-29
5.124322749575127e-16
2.3961302116315116e-16
4.749749659437677e-19
1.7351005152397664e-19
1.280064804154435e-10
2.768150986209861e-10
2.964528461425733e-18
2.0211716852725106e-24
2.0022699270758938e-32
1.5817366202084716e-14
2.1080295570263965e-16
3.392771238277858e-19
1.579281416752565e-08
2.2530426235789491e-07
2.740297553286539e-33
3.598150206604589e-12
3.968077223141103e-13
5.479638176915142e-21
3.173059037742121e-10
3.7270508901343646e-10
3.7270508901343646e-10
3.2409816625662457e-38
9.24634151475451e-30
4.5641518366767044e-18
6.831217322029363e-19
6.403581937775016e-05
8.383961799952237e-21
1.551722469618877e-22
0.051681630313396454
9.16526716960353e-20
9.16526716960353e-20
3.2914563675896125e-22
1.0236369168021346e-21
5.5403154286537415e-11
2.8342007018199167e-14
3.2987336024233775e-15
3.225184730921847e-22
1.2854653125290352e-24
2.740297553286539e-33
8.656786024496235e-24
5.282427338706103e-17
2.0756554516505538e-32
2.401783428635495e-18
4.0867580432785263e-32
2.1354527813205207e-22
2.3769948903200897e-15
5.745935347972232e-16
4.110864047129217e-19
3.598150206604589e-12
2.4198945667265956e-23
2.4198945667265956e-23
5.84686176807736e-07
2.138844252124247e-22
2.138844252124247e-22
2.654511687377177e-31
5.541618683204378e-25
4.5440473265744016e-35
4.5440473265744016e-35
8.05971900170515e-17
1.5023086530921387e-27
2.300104839200209e-22
2.300104839200209e-22
1.3104150577147866e-11
0.0027738697826862335
5.467208039370772e-16
7.040685815470847e-23
1.4798470608645697e-12
1.1210792294491512e-08
2.8694024593715634e-15
5.5657784556168125e-22
1.6462146501118945e-29
1.6462146501118945e-29
3.4341084201090076e-22
5.0626587727285045e-21
7.259205172735483e-13
5.899415071036751e-14
6.326226231862446e-22
3.741832330727413e-24
5.773728185575951e-24
4.02802790670505e-36
5.515195301334035e-17
3.392771238277858e-19
9.028740949323932e-11
2.7107088795830236e-10
2.7107088795830236e-10
1.7686068876679046e-19
1.7686068876679046e-19
9.8772251417431e-19
9.942811323497388e-27
3.8349069271081176e-18
3.696433603650462e-09
2.842281865248443e-26
5.378012257750697e-09
4.0193950043592894e-17
2.948174583727677e-19
2.1080295570263965e-16
2.1080295570263965e-16
1.0091659721428591e-16
3.4265593367904046e-21
1.8661503453643036e-09
1.6082550415571522e-25
4.3498601136679413e-20
2.163743172067064e-29
2.163743172067064e-29
2.163743172067064e-29
1.5331592806834375e-14
1.4060129449600112e-10
1.7009059438688467e-10
6.520938418292651e-24
2.2691100690317366e-18
5.396379283272842e-26
6.776486307137271e-32
4.552900842375883e-33
4.552900842375883e-33
9.92851937553496e-07
1.522323267444392e-09
9.337650791474417e-11
4.2994057025680377e-07
1.2563633075331524e-31
2.8549454598465046e-16
6.772853084575578e-14
4.5049430410649745e-25
2.2637113063499366e-14
5.712765509216894e-36
6.213223159709166e-14
8.537596833931581e-19
8.537596833931581e-19
1.3564850161962375e-16
1.6891544586672413e-13
1.4528434842758867e-17
6.974254220732645e-17
7.050494745610556e-31
7.050494745610556e-31
5.380762253235988e-24
4.880910182691878e-07
1.2931524739911993e-09
8.765977943525627e-10
3.861199359186483e-17
3.861199359186483e-17
9.630510252243035e-19
2.139860886755089e-25
3.1426297530902912e-18
6.940034353327392e-20
1.6343664085442704e-18
2.807909979803091e-37
3.889755289689401e-35
1.0875206357253917e-30
2.8206731183200386e-38
6.445923777501009e-32
5.2664234075210057e-20
8.547172675313066e-35
0.0
8.656893672446436e-37
8.640613019725292e-33
1.1390413159141283e-32
7.756723993321871e-32
0.0
3.7968664036599525e-28
1.828831298547245e-35
2.906650468529275e-17
4.155891615949523e-36
5.6114548111264615e-33
5.4726027371282285e-27
3.408628528414731e-24
1.3740447039873626e-26
1.2690053856076813e-34
2.321294397789131e-30
1.5111373624510283e-34
0.0
0.0
7.955890352170393e-32
9.349636980460103e-35
0.0
5.784958612436874e-36
7.617565174960749e-37
0.0
1.8190244931022678e-31
0.0
2.4605933747796526e-29
0.0
6.349510563096565e-29
2.974834114708021e-35
2.685798362448629e-26
0.0
2.916138605282343e-35
2.3253914074949673e-28
5.235075026829319e-24
1.1664022762960784e-28
2.958115076923375e-31
5.943993581428042e-26
0.0
2.375897622627027e-38
7.822259802661006e-28
5.73525304109117e-22
0.0
1.4877707709069317e-28
3.560115415211827e-33
9.237458128241083e-37
1.8705683023564074e-25
1.1166486334223835e-31
4.947386233854274e-27
9.859094934470922e-31
1.5486921340312705e-33
7.727164777277224e-31
1.0733837645042106e-30
1.9888355850961585e-38
2.1890214854948208e-23
1.2851008190474414e-34
0.0
2.5165385301876703e-33
1.2253041174913257e-24
5.885133038542922e-32
2.000291178060796e-26
2.7029698481451457e-20
5.101783126374441e-28
1.07349950837997e-28
0.0
1.3724238473646974e-29
2.890645852150602e-33
4.674274766695611e-34
5.824329930267825e-28
1.8426215876936124e-29
1.909322843069779e-27
7.746949687107724e-20
1.8902869352893886e-33
1.1663269255217565e-20
2.24732108318104e-21
2.802815979308093e-09
6.019184282946011e-12
1.356273532995699e-30
7.688832817375058e-21
6.641747223306207e-38
2.924725639489963e-29
3.1788939846281493e-28
3.387427901216566e-28
1.7621613111277058e-25
2.2320652958240836e-21
8.928984559185047e-33
1.3915303530773798e-34
2.232950756839365e-26
2.7293822272813776e-35
3.6272628851402605e-31
1.4895804882355074e-23
4.32407518208339e-24
1.7617122150795538e-26
1.8906865548795262e-30
1.1478738451179067e-25
4.7907984973356214e-18
1.1102920812543716e-35
5.53654445869106e-26
4.2646054729329136e-26
1.0233432636457104e-20
2.1132797945409306e-23
0.0
7.524537565836535e-15
1.392949599287078e-15
1.6790483115905848e-23
1.77453138775274e-29
5.475283961330022e-24
1.1345336727650598e-28
4.844878960134433e-31
1.4505028738739787e-37
2.9383337639481895e-30
6.240475947816961e-19
4.735824681437571e-24
1.7767200867639146e-28
1.9783868030969205e-37
4.2348199239333826e-29
6.357718758267445e-24
5.2031699400548413e-20
1.0553541427418069e-27
0.0
3.5146758643590337e-17
2.7630413650979755e-27
1.0214238623786089e-16
1.3809122182172226e-34
7.701991892688731e-34
2.2282505916783755e-23
5.399883680798903e-32
4.418843508130883e-30
8.200827522304058e-33
7.758084628032948e-32
1.1713148940745309e-37
0.0
3.6599286263617882e-22
1.9717907544586135e-33
2.0760037019612363e-28
0.0
8.850609518687587e-27
4.614457619722505e-15
3.138956231158962e-30
1.5631739519397046e-26
0.0
7.184274793227825e-35
9.21945288669308e-33
0.0
0.0
1.0058381663940968e-30
0.0
0.0
0.0
4.604175182754219e-35
0.0
4.581657638352542e-29
1.7140031214077329e-34
7.725430123773602e-30
8.925785010498902e-33
0.0
0.0
3.064956995450698e-37
0.0
0.0
1.3381588453150642e-29
0.0
0.0
1.2681220010021615e-38
8.786752830704108e-36
1.2903357478467755e-29
2.9477839509475856e-32
3.8034025885940274e-29
0.0
0.0
5.41436910960499e-30
0.0
5.290554477711974e-32
8.077478198094872e-32
9.180229098958057e-38
5.608488553987917e-30
1.2962858300315782e-36
3.6085960394409774e-35
0.0
0.0
0.0
0.0
1.6492303417476534e-38
0.0
0.0
9.340204221450155e-32
1.9110108315038726e-38
1.9477838566521867e-27
6.571942538030373e-36
7.083964028718153e-35
0.0
0.0
0.0
8.715883665304912e-35
0.0
0.0
6.766396757005519e-29
0.0
0.0
0.0
0.0
0.0
0.0
2.134494784646765e-34
0.0
0.0
4.090237917979983e-31
8.044092536349315e-30
0.0
0.0
0.0
0.0
1.1586304884602002e-32
0.0
1.6705536367286305e-26
3.866997234051267e-37
1.698908189780866e-33
0.0
1.8049244102233908e-38
0.0
2.914568465519197e-29
0.0
0.0
0.0
0.0
7.921419494611308e-34
1.8633407340908693e-24
0.0
5.703073097681954e-37
4.79827351271878e-38
2.59318339587376e-27
0.0
0.0
0.0
0.0
0.0
0.0
2.3809706593795145e-37
0.0
0.0
0.0
6.329908509483397e-33
0.0
0.0
0.0
0.0
1.0538463893820238e-33
0.0
0.0
3.286278975354072e-27
1.489743957605013e-32
0.0
3.0005073554406996e-38
0.0
2.3650355652633136e-32
6.972624280297387e-34
0.0
0.0
0.0
6.322387379650881e-38
9.45951815161314e-36
1.6280222780354523e-37
0.0
2.306027867092855e-28
0.0
2.766520286688225e-36
5.020020586907396e-37
0.0
0.0
0.0
2.8787108096835217e-30
1.3919264680915355e-37
0.0
2.468289225798017e-32
4.3644132912837804e-38
0.0
2.1231604109767472e-32
9.529576553133072e-26
1.5538897777408465e-38
0.0
0.0
6.65097617499225e-38
3.678568841572309e-24
0.0
0.0
0.0
4.903523919335446e-38
0.0
0.0
2.330476090123856e-31
8.78868837140536e-38
2.4803412020350134e-33