0.0
3.703294969059668e-38
3.241009901532899e-36
2.0865270458794307e-36
3.6921795893809505e-38
2.445688030353068e-35
4.382928445740243e-25
1.0716642572452995e-32
3.60628335785944e-28
1.8128731311644148e-31
1.0268601069666876e-35
7.722670720947366e-35
5.151779728884123e-32
0.0
0.0
5.279969077614423e-33
0.0
1.5891913674317539e-32
7.519271397757984e-34
8.476380422141902e-37
1.6497513670181796e-32
0.0
0.0
3.7850883351738496e-24
1.817382205804962e-37
1.5899083954758684e-30
1.3737305446644235e-33
2.6565839424910125e-34
9.974791336329726e-36
4.594678311950753e-22
2.2244028935412475e-29
0.0
4.0680493159474105e-38
6.562512965719609e-24
0.0
0.0
0.0
0.0
0.0
1.4550072766921687e-31
1.6765021826473948e-35
5.14213685485074e-33
3.989878353924363e-33
8.457175840582528e-34
6.7626740134162385e-31
7.294905571618251e-35
1.8105514643367336e-38
4.169708900424415e-20
1.9854144158862624e-18
4.0550893263762975e-19
3.024942607852368e-29
8.351062679836854e-34
1.5604710639742644e-16
1.408504073651746e-32
6.792420572415435e-27
3.474105955700338e-25
1.319441354501678e-26
1.0161528402073758e-26
2.4754499682780004e-29
5.964143891333442e-32
6.852443225604354e-32
6.861567004097177e-26
1.6835346818877125e-25
5.167378569308212e-13
5.188399803396815e-26
8.426063124143679e-13
0.0
1.3872464675323221e-36
1.4474878560617295e-33
0.0
1.3448246059318257e-32
1.3854089892043468e-32
2.1598401801297778e-16
1.0697234290196823e-26
1.1308830484813495e-27
3.2134917928225543e-23
2.0154413133753236e-26
1.726177366505959e-31
2.9330583674480885e-23
2.863843778771837e-19
6.154083066215862e-30
1.125561231590318e-31
4.229391058439364e-31
1.604190625986667e-35
9.851559221988365e-27
4.605829021647459e-19
3.1322514049710975e-34
2.341709872701512e-34
7.850048135525744e-31
4.5062928213995935e-36
1.7551518813913887e-26
1.4335908833418392e-25
9.723862362955714e-28
6.55134800575663e-12
3.226157913678498e-17
0.0
7.788604078192167e-38
0.0
1.646936444187523e-37
1.122707766808155e-34
6.80637432004851e-27
0.0
3.6756969002722377e-37
1.935425235104873e-31
6.94028090107481e-25
1.6423506026976907e-29
1.1912349762577644e-28
2.93626619097529e-34
2.080010671708689e-36
0.0
1.673311515727229e-38
4.039528663909204e-33
0.0
6.970832078303947e-37
6.72571870670435e-19
2.2296751867142194e-32
1.579738188799235e-32
1.4458888494634052e-31
0.0
3.8248192305021673e-29
8.384167172149902e-33
1.0987211315976309e-37
2.8697863874170805e-37
1.563084110852796e-34
0.0
5.898315492046433e-28
0.0
2.8884818046077827e-28
2.8396123733198145e-36
0.0
0.0
0.0
4.602645117292449e-36
0.0
2.3726651073295227e-37
3.6263507914223636e-38
1.4875712866944107e-29
6.164950439492536e-26
1.2404376744008922e-25
0.0
6.776052152282184e-38
0.0
0.0
2.7267717459059016e-34
2.7982579570960683e-27
5.151161562736099e-28
4.754906688364241e-38
5.864126334604128e-35
7.228808082939898e-28
2.9210336844487196e-30
2.571385810900092e-33
9.977950149451859e-21
1.1758464348902458e-28
0.0
0.0
0.0
3.070795085112768e-38
0.0
0.0
0.0
5.006942019241949e-21
1.515916010187653e-29
3.044056267880809e-35
0.0
9.238041125799427e-33
0.0
2.891865694436491e-36
4.894091642352415e-21
3.4545182030534103e-19
4.0578358098626566e-23
4.5575218529931193e-26
7.385034223721243e-28
3.1818517438903943e-37
7.869640231195658e-35
6.802550257827057e-37
5.262659111729515e-16
8.295405515807546e-26
5.607349508145098e-17
1.6512740836624309e-18
2.620767886199765e-21
6.736495719973992e-14
6.556177286813644e-18
1.888969124348716e-13
3.823352381004952e-05
2.4225076117023985e-16
1.1228143980239829e-20
4.0029551050474066e-20
2.1696576890351492e-17
1.0084793328557396e-34
7.357249193525433e-29
1.4763068077280627e-26
3.047664471667887e-31
1.384995695725544e-26
9.213834630691716e-24
6.380117252753276e-32
4.664528177003026e-28
7.767855155219543e-25
4.287252181771019e-31
6.91200495053012e-19
7.926144631802344e-24
4.201887943644778e-33
1.7577230749043434e-28
0.0
3.0228639514002306e-38
0.0
6.58720907002153e-34
0.0
2.2400009587254244e-38
1.2820926172215212e-29
0.0
0.0
2.803511821761984e-29
3.6709168470026715e-38
1.5321245162289944e-29
0.0
0.0
0.0
1.4292294255754322e-38
2.059064741849503e-30
1.5790291842947109e-37
1.245020938664839e-34
1.5226075470445393e-32
4.2859122710526113e-38
0.0
0.0
1.2878912675031325e-37
0.0
7.860632388712743e-37
1.2394778307686893e-32
3.5700722637863143e-31
1.4792883013563697e-27
6.603843508947115e-33
8.4742751113291e-38
4.7440771623618585e-36
0.0
1.1906449448617307e-31
5.853729250868896e-29
1.8238646627234656e-34
2.7299440664106864e-28
2.157730558410608e-25
1.7823418521974566e-27
7.137479522012083e-28
4.584812740426748e-18
2.831799550565195e-23
9.850578375043459e-35
0.0
4.952091744417424e-33
1.901586398682056e-38
7.907384459404474e-33
2.0216737952386838e-23
3.161700706783813e-33
2.075508196297732e-29
8.46559257106643e-21
5.509757466878106e-22
1.3511536334220864e-10
0.0
4.3747622562570085e-24
0.0
5.432984426223708e-32
4.134500991626861e-19
1.5009445509389652e-13
5.3287342328858016e-17
8.690866393323593e-24
8.962378190782302e-29
1.1168500409978847e-14
1.6735855642862778e-16
2.8570842591388584e-21
9.346440134434258e-17
2.710206294092016e-37
0.0
4.880559931457937e-27
2.8344542834454196e-33
2.1593091276302257e-27
6.570730362056909e-31
3.5951811992780706e-30
3.7365101820227265e-25
2.9004195825824605e-34
1.3933225053361587e-31
7.434325511752918e-29
3.7882159384326904e-35
2.1616079808479322e-35
0.0
0.0
5.121978502652284e-38
1.2959351484188384e-28
1.0244112855868066e-27
0.0
0.0
2.9496486077881425e-26
1.02198629904558e-29
1.3878177452248738e-29
5.587013872891092e-35
2.4820936437068987e-32
5.6556947706083986e-36
1.6600991850137506e-31
1.3694731545119969e-38
7.5112615524182965e-37
3.47897908760889e-29
3.860217507189272e-22
2.1146113988651447e-37
0.0
2.616181633421118e-37
1.8066580427390678e-33
0.0
2.3953218274791706e-27
6.708978164979151e-29
2.738335719336574e-31
8.14826070797907e-31
0.0
0.0
1.7947529252357526e-34
0.0
2.277066866955902e-36
1.0973986645797151e-35
1.0805875312896625e-34
0.0
4.53459038552506e-21
3.977829509450745e-17
1.4878960368636596e-35
0.0
5.7129394944342246e-36
0.0
0.0
0.0
3.405976073597965e-32
1.7039910273538216e-32
2.9609629141732703e-29
2.9737086583599143e-29
3.472437348699106e-32
4.963152503410188e-34
0.0
0.0
0.0
1.0598130334029046e-33
1.4722917970545375e-33
2.629078240212955e-29
0.0
1.2982937786270785e-38
7.212755553149927e-26
3.8477629552780063e-38
1.7891946961255753e-27
6.655217184751074e-30
0.0
0.0
0.0
0.0
4.098767179583875e-38
1.735412886724408e-25
9.233933560624518e-30
0.0
4.995034874769099e-37
0.0
5.91773812153575e-37
1.9208731375856663e-35
2.0191393426156394e-36
2.4112737274295468e-27
8.331195577520704e-29
7.543577039348638e-34
4.661580805239173e-33
0.0
0.0
2.587932577419101e-37
7.005814317375106e-35
1.390579438487159e-28
1.5326240446104914e-33
1.3013891572516703e-36
0.0
4.0368042353459824e-32
0.0
5.009564326458514e-34
0.0
0.0
4.32002130477755e-23
3.100855649817313e-33
0.0
0.0
0.0
0.0
0.0
7.327192197941009e-30
0.0
9.548214999794264e-32
8.177059026530431e-32
5.044751670783299e-35
0.0
2.0817523735062844e-33
8.552357406723983e-24
2.065736283547482e-30
9.944505352879967e-37
0.0
4.03370813016271e-33
0.0
7.784513318032008e-36
5.648227316011815e-31
1.8534789378214796e-32
4.2669313029709534e-27
1.6151278381194947e-26
5.541995309113853e-34
3.0720604576260534e-38
4.3194226850476216e-33
1.816374054561591e-33
0.0
1.200589207295374e-36
1.2426617594859e-28
0.0
3.0306885553068076e-33
1.2948977149832057e-35
1.7470753794616295e-34
0.0
2.8942684728872993e-38
4.3277022060392415e-33
3.87170774928584e-36
0.0
5.276533091268771e-37
0.0
2.884043077753767e-29
3.921529188210442e-15
1.4530216316347597e-31
6.66428783962948e-22
2.8365246684212115e-30
7.042278885359061e-21
2.568954374303813e-33
7.921856068377201e-23
5.427582144032321e-15
1.635089254583893e-26
1.6469054270161665e-29
0.0
0.0
8.759434864664115e-38
1.315195064160293e-26
2.8655010866726777e-35
5.082010598535697e-20
0.0
2.61789884061124e-37
3.781409791434069e-38
3.249402520633409e-29
3.133415609066022e-31
0.0
0.0
0.0
0.0
0.0
4.6127494433135744e-37
0.0
0.0
0.0
0.0
0.0
0.0
0.0
2.528723917686645e-31
5.588420677897862e-35
3.32151204323345e-38
1.4138629771922374e-36
0.0
0.0
2.529310422306223e-25
2.2175003305279083e-27
4.315630062727289e-35
1.2090932854466502e-34
1.2237417071514784e-35
1.152715339173409e-30
0.0
1.6086497250889945e-30
1.989021619013997e-34
1.2620770000930044e-35
0.0
1.9388462763140711e-32
3.266315737502774e-37
0.0
5.5903083583581e-31
0.0
1.3778362438769338e-38
7.5742841889625e-27
0.0
0.0
0.0
0.0
0.0
8.330980437920135e-35
7.274723301783389e-22
1.1578048065345032e-31
7.934526682739679e-31
5.28084867777328e-27
1.377269818123985e-29
3.9330334160716346e-31
8.7031811221887e-30
1.074952829868628e-23
1.0043168423571657e-36
2.622773868877433e-32
0.0
1.8898918200083455e-24
1.067345616967641e-21
0.0
0.0
0.0
0.0
0.0
0.0
1.4018223930050465e-36
1.5987514984177824e-30
4.188833956820195e-38
1.3516886423143447e-35
0.0
1.7340576455350014e-31
0.0
2.2289194907834346e-31
0.0
1.319474920593183e-36
5.279426541347497e-21
6.969968597979008e-18
3.7581986147907833e-31
4.578692368276604e-27
1.836521920799964e-27
6.221129661895916e-26
2.886159596327788e-34
0.0
4.33740384639275e-18
1.410960621012586e-26
1.1668436766729451e-34
8.553947130255763e-30
0.0
7.147512125760819e-34
0.0
1.0961948590673429e-33
1.1095051104356187e-19
7.786759989875212e-31
3.759284421147295e-18
5.344510446159396e-25
1.8761128023540681e-22
1.0394023398583e-24
5.89230928519187e-36
4.9008609278901295e-26
0.0
0.0
0.0
2.206482058691122e-33
0.0
0.0
0.0
0.0
0.0
2.038943020485813e-25
4.860743566444125e-16
1.606117773804104e-22
6.607787398288615e-29
8.483335958712798e-22
1.1920240944123936e-35
4.0660976274491235e-29
1.775336749850343e-37
1.3330942514144334e-29
5.899879027426812e-32
6.179907642668399e-32
1.6728928173253708e-20
0.0
1.5080687941412793e-33
0.0
6.996139752777408e-37
1.3919013403869546e-20
2.903155316095259e-33
2.868942245222171e-38
3.959334507163364e-37
3.537911429275184e-26
2.0835779029500252e-27
1.256560924333881e-37
6.282784557263664e-32
7.377234688928961e-28
0.0
0.0
2.184634535337578e-22
3.5499286546359977e-34
2.0438334650601176e-25
0.0
2.075474926418587e-38
1.7714401311846258e-37
1.6965926727860088e-22
3.776511189892413e-29
1.4009517853268207e-35
1.878033251568631e-32
5.659474375247151e-35
1.8887799310696174e-11
1.014219996875454e-08
1.9312563701023855e-11
2.3595192556225575e-18
1.5814437943680795e-33
5.1321699675544964e-30
2.8827430732779206e-38
0.0
5.615939119302073e-30
1.1557272983728902e-37
0.0
0.0
6.498719603753379e-37
2.888803310673436e-34
0.0
4.116405259769012e-33
6.3739272621902635e-28
5.382157225988503e-32
1.8866191862849567e-34
0.0
1.0
1.0
1.0
1.0
1.0
1.0
1.0
1.0
1.0
1.0
1.0
1.0
1.0
1.0
1.0
1.0
0.9999998807907104
1.0
1.0
1.0
1.0
1.0
1.0
1.0
1.0
1.0
1.0
1.0
1.0
1.0
1.0
1.0
1.0
1.0
1.0
1.0
1.0
1.0
1.0
1.0
1.0
1.0
1.0
1.0
1.0
1.0
1.0
1.0
1.0
1.0
1.0
1.0
1.0
1.0
1.0
1.0
1.0
1.0
1.0
1.0
1.0
1.0
1.0
1.0
1.0
1.0
1.0
1.0
1.0
1.0
1.0
1.0
1.0
1.0
1.0
1.0
1.0
1.0
1.0
1.0
1.0
1.0
1.0
1.0
1.0
1.0
1.0
1.0
1.0
1.0
1.0
1.0
1.0
1.0
1.0
1.0
1.0
1.0
1.0
1.0
1.0
1.0
1.0
1.0
1.0
1.0
1.0
1.0
1.0
1.0
1.0
1.0
1.0
1.0
1.0
1.0
1.0
0.43589869141578674
1.0
1.0
1.0
1.0
1.0
1.0
1.0
1.0
1.0
1.0
1.0
1.0
1.0
1.0
1.0
1.0
1.0
1.0
1.0
1.0
1.0
1.0
1.0
1.0
1.0
1.0
1.0
1.0
1.0
1.0
1.0
1.0
1.0
1.0
1.0
1.0
1.0
1.0
1.0
1.0
1.0
1.0
1.0
1.0
1.0
1.0
1.0
1.0
1.0
1.0
1.0
0.9999997615814209
1.0
1.0
1.0
1.0
1.0
1.0
1.0
1.0
1.0
1.0
1.0
0.9999359846115112
1.0
1.0
0.948318362236023
1.0
1.0
1.0
1.0
1.0
1.0
1.0
1.0
1.0
1.0
1.0
1.0
1.0
1.0
1.0
1.0
1.0
1.0
1.0
1.0
1.0
1.0
0.9999994039535522
1.0
1.0
1.0
1.0
1.0
1.0
1.0
1.0
1.0
1.0
1.0
0.9972260594367981
1.0
1.0
1.0
1.0
1.0
1.0
1.0
1.0
1.0
1.0
1.0
1.0
1.0
1.0
1.0
1.0
1.0
1.0
1.0
1.0
1.0
1.0
1.0
1.0
1.0
1.0
1.0
1.0
1.0
1.0
1.0
1.0
1.0
1.0
1.0
1.0
1.0
1.0
1.0
1.0
1.0
1.0
1.0
1.0
1.0
1.0
1.0
1.0
1.0
1.0
0.9999990463256836
1.0
1.0
0.9999995231628418
1.0
1.0
1.0
1.0
1.0
1.0
1.0
1.0
1.0
1.0
1.0
1.0
1.0
1.0
1.0
1.0
0.9999995231628418
1.0
1.0
1.0
1.0
1.0
1.0
1.0
1.0
1.0
1.0
1.0
1.0
1.0
1.0
1.0
1.0
1.0
1.0
1.0
1.0
1.0
1.0
1.0
1.0
0.9999591112136841
1.0
1.0
1.0
1.0
1.0
1.0
1.0
1.0
1.0
1.0
1.0
1.0
1.0
1.0
1.0
1.0
1.0
1.0
1.0
1.0
1.0
1.0
1.0
1.0
1.0
1.0
0.9906576871871948
1.0
1.0
1.0
1.0
1.0
1.0
1.0
1.0
1.0
1.0
1.0
1.0
1.0
1.0
1.0
1.0
1.0
1.0
1.0
1.0
1.0
1.0
1.0
1.0
1.0
1.0
6.011424602547777e-07
1.0
1.0
1.0
1.0
1.0
1.0
1.0
0.9978145360946655
0.9999996423721313
0.13227848708629608
1.0
1.0
1.0
0.9999895095825195
0.9129620790481567
1.0
1.0
1.0
1.0
1.0
1.0
0.9999988079071045
0.5726074576377869
0.9999998807907104
1.0
1.0
1.0
1.0
1.0
1.0
1.0
1.0
1.0
0.9999986886978149
1.0
1.0
0.9999997615814209
0.9999985694885254
1.0
1.0
7.447503236335251e-08
8.894485654309392e-05
0.5325794816017151
1.0
1.0
1.0
1.0
1.0
1.0
1.0
1.0
1.0
1.0
1.0
1.0
0.9999405145645142
1.0
1.0
0.9773064255714417
0.9999997615814209
0.10271990299224854
1.0
1.0
6.0126094467705116e-05
1.0
1.0
1.0
1.0
1.0
1.0
1.0
1.0
0.00010885704978136346
1.0
1.0
0.004764198791235685
1.0
1.0
1.0
1.0
1.0
1.0
1.0
1.0
1.0
1.0
1.0
1.0
1.0
1.0
1.0
1.0
1.0
1.0
1.0
1.0
1.0
1.0
1.0
1.0
1.0
1.0
1.0
1.0
1.0
1.0
1.0
1.0
1.0
1.0
1.0
1.0
1.0
1.0
1.0
1.0
1.0
1.0
1.0
1.0
1.0
1.0
1.0
1.0
1.0
1.0
1.0
1.0
1.0
1.0
1.0
1.0
1.0
1.0
1.0
1.0
1.0
1.0
1.0
1.0
1.0
1.0
1.0
1.0
1.0
1.0
1.0
1.0
1.0
1.0
1.0
1.0
1.0
1.0
1.0
1.0
1.0
1.0
1.0
1.0
1.0
1.0
1.0
1.0
1.0
1.0
1.0
1.0
1.0
1.0
1.0
1.0
1.0
1.0
1.0
1.0
1.0
1.0
1.0
1.0
1.0
1.0
1.0
1.0
1.0
1.0
1.0
1.0
1.0
1.0
1.0
1.0
1.0
1.0
1.0
1.0
1.0
1.0
1.0
1.0
1.0
1.0
1.0
1.0
1.0
1.0
1.0
1.0
1.0
1.0
1.0
1.0
1.0
1.0
1.0
1.0
1.0
1.0
1.0
1.0
1.0
1.0
1.0
1.0
1.0
1.0
1.0
1.0
1.0
1.0