1.0
1.0
1.0
1.0
1.0
1.0
1.0
1.0
1.0
0.9999991655349731
0.9999991655349731
1.0
1.0
1.0
1.0
1.0
1.0
1.0
1.0
1.0
1.0
0.9999961853027344
0.9999963045120239
1.0
0.9999964237213135
1.0
1.0
1.0
1.0
1.0
1.0
1.0
1.0
1.0
1.0
1.0
1.0
1.0
1.0
1.0
1.0
1.0
1.0
1.0
1.0
1.0
0.9999996423721313
0.9999592304229736
1.0
1.0
1.0
1.0
0.9999972581863403
1.0
1.0
0.999998927116394
0.9999973773956299
1.0
0.9999994039535522
0.966132640838623
0.9999294281005859
1.0
0.9999980926513672
0.9999934434890747
0.9999997615814209
1.0
1.0
1.0
1.0
1.0
1.0
0.9999992847442627
1.0
0.9948571920394897
1.0
1.0
1.0
0.9999996423721313
1.0
1.0
1.0
0.9514023661613464
1.0
1.0
1.0
0.9999997615814209
1.0
1.0
1.0
1.0
1.0
1.0
1.0
0.0027145822532474995
1.0
1.0
1.0
1.0
0.9999932050704956
1.0
0.9999996423721313
1.0
1.0
1.0
1.0
1.0
1.0
0.2835492193698883
1.0
1.0
1.0
1.0
0.4471559226512909
1.0
1.0
1.0
0.9999998807907104
1.0
1.0
1.0
2.586767732282169e-05
1.0
0.9985892176628113
0.999975323677063
1.0
1.0
0.9999994039535522
1.0
1.0
1.0
1.0
1.0
0.015921028330922127
0.9999998807907104
1.0
1.0
0.9999998807907104
1.0
1.0
1.0
0.9999959468841553
1.0
1.0
1.0
1.0
1.0
1.0
1.0
1.0
1.0
1.0
1.0
1.0
1.0
1.0
0.999988317489624
1.0
1.0
0.999035120010376
1.0
1.0
1.0
0.9994474053382874
1.0
1.0
1.0
1.0
0.9976048469543457
1.0
1.0
1.0
1.0
1.0
1.0
0.9999994039535522
0.9999994039535522
1.0
1.0
1.0
1.0
0.9334188103675842
1.0
0.9999995231628418
1.0
1.0
1.0
1.0
0.0007100742077454925
1.0
0.8041315078735352
1.0
0.9999983310699463
1.0
0.9999990463256836
1.0
1.0
1.0
1.0
0.9935393929481506
0.9994223117828369
1.0
1.0
0.9999972581863403
1.0
1.0
1.0
1.0
0.9998015761375427
1.0
1.0
1.0
1.0
1.0
0.9999942779541016
1.0
1.0
1.0
1.0
1.0
1.0
1.0
1.0
1.0
1.0
1.0
0.9985297918319702
1.0
1.0
1.0
1.0
1.0
1.0
1.0
1.0
1.0
1.0
1.0
1.0
1.0
1.0
1.0
1.0
1.0
0.9999313354492188
0.9956521391868591
1.0
1.0
1.0
1.0
1.0
1.0
1.0
0.9999998807907104
1.0
1.0
1.0
0.9999980926513672
1.0
1.0
1.0
1.0
1.0
1.0
1.0
1.0
0.9999970197677612
0.9999822378158569
0.9999957084655762
1.0
1.0
1.0
1.0
1.0
1.0
1.0
1.0
1.0
1.0
1.0
0.9999781847000122
1.0
1.0
1.0
0.9999998807907104
1.0
1.0
1.0
0.9999834299087524
0.9999998807907104
1.0
1.0
1.0
1.0
0.9999986886978149
1.0
1.0
1.0
1.0
1.0
1.0
1.0
1.0
1.0
1.0
1.0
1.0
1.0
1.0
1.0
1.0
1.0
1.0
0.9999997615814209
0.999858021736145
1.0
1.0
1.0
1.0
1.0
0.9999988079071045
1.0
1.0
1.0
0.9999998807907104
1.0
1.0
1.0
1.0
1.0
1.0
0.9999990463256836
1.0
1.0
1.0
1.0
1.0
0.9999929666519165
1.0
1.0
1.0
1.0
1.0
1.0
1.0
1.0
0.9999961853027344
1.0
1.0
1.0
1.0
1.0
1.0
1.0
1.0
1.0
1.0
1.0
1.0
1.0
1.0
1.0
1.0
1.0
1.0
1.0
1.0
1.0
1.0
1.0
0.9999997615814209
1.0
1.0
1.0
1.0
1.0
1.0
1.0
1.0
1.0
0.9999924898147583
1.0
1.0
0.9999977350234985
1.0
1.0
1.0
1.0
1.0
1.0
1.0
0.9999997615814209
1.0
0.9998968839645386
1.0
0.9590920805931091
1.0
1.0
1.0
1.0
0.8205980658531189
1.0
1.0
1.0
0.15286114811897278
1.0
1.0
1.0
1.0
1.0
0.9999001026153564
0.9959790706634521
1.0
1.0
0.9999998807907104
0.9871626496315002
0.9999924898147583
1.0
0.9698126912117004
1.0
1.0
1.0
1.0
1.0
1.0
0.9999998807907104
1.0
1.0
1.0
1.0
1.0
1.0
1.0
1.0
1.0
1.0
1.0
1.0
1.0
0.9446303248405457
0.9999971389770508
0.9999209642410278
1.0
1.0
1.0
1.0
0.9999992847442627
0.9999815225601196
0.9996652603149414
1.0
1.0
