1.4851083258130076e-17
2.689918327483994e-20
6.901266582807824e-16
8.393923316349363e-19
1.3315153462129936e-19
1.0143609310874882e-16
3.8351271628986025e-25
3.3755803840818545e-24
6.187043687071676e-28
3.197187613168256e-26
1.544784075050627e-28
1.250393525618264e-28
9.526630842967094e-19
1.9889989513719727e-19
1.619563099082566e-12
5.335471969699626e-15
1.0910973594893333e-13
2.915006430681544e-11
5.853943298403486e-17
1.541585327273498e-12
4.5204692557083916e-18
2.8023622579919326e-14
2.2185524901560671e-13
2.442641934259724e-14
4.216862414807565e-10
4.4649681629933824e-14
8.214702789527406e-13
1.853491511383254e-07
1.2323746623882359e-14
2.881644575736253e-11
4.531159447651589e-09
3.3607622359489084e-26
1.1305353973263442e-24
6.87318108785924e-16
2.439368829544944e-14
9.223388498356686e-19
1.0930566512180346e-22
6.802148954533331e-18
1.9100891521086816e-19
2.2445094082488605e-15
1.5402763376978354e-21
2.6104823314911942e-20
2.925311940713283e-25
3.5813487724004003e-19
5.154249856781368e-12
8.062665047971312e-26
1.8838404837816132e-22
1.2879314856360097e-13
1.513744398381162e-20
7.020869629531695e-22
2.2823554536866068e-20
2.3435867230490205e-19
1.512465339339729e-17
1.941412543201504e-19
7.172904712684711e-14
1.0101607355770485e-14
1.2283972894824833e-17
9.416478509515858e-17
6.513536394423999e-22
2.293775478204241e-17
6.912721082145438e-18
9.589096544976894e-17
1.1850064085873084e-19
2.1166957339166706e-20
4.0058525940800394e-11
2.971110575787834e-15
3.5448914008252365e-21
1.1823930606889179e-17
9.989242850193706e-17
1.0331516870060286e-18
5.4266309260325545e-15
4.0347545902815416e-18
1.057381179142558e-12
9.223532841373576e-18
3.135620289893698e-13
3.2623755178437866e-14
1.5351963259037017e-21
1.0303822683965791e-08
6.290498937716604e-12
3.916651893090813e-17
1.3467703092973943e-17
1.452922879276356e-22
2.461688772472612e-24
1.3258986282950451e-20
5.412838053277702e-16
2.5776234980185475e-17
1.63645282038009e-22
4.1390618587293252e-19
7.354781904667913e-21
1.2616897209509665e-16
1.1758449842027745e-23
9.962299923281628e-17
3.530825923926976e-15
1.5018746269963683e-14
1.547899849096213e-19
1.6224937688900232e-20
2.014733574204263e-19
6.13291426132618e-17
6.22040540617882e-15
9.727102200322383e-18
4.935105118279172e-16
2.890703749808233e-16
2.6510396100576372e-09
1.4788855387089998e-15
3.327245423623282e-11
1.257470967478048e-16
1.3195984187917624e-17
3.75143406354386e-18
2.156638633817173e-15
8.104967027152599e-20
1.5029957259240362e-13
1.1616935110606561e-16
1.027243614104354e-21
5.976538328965393e-23
5.635506167625537e-13
2.306977647841984e-21
3.149678625388692e-23
1.8973277585850344e-21
3.05810146684114e-22
7.233867319866388e-25
1.2621656972190418e-17
1.9966140697951896e-21
5.155331586251686e-27
1.373036917023218e-21
7.753716109336732e-22
3.769524917130701e-17
3.2405927530349463e-19
2.1468485534830347e-28
9.641450410546516e-22
3.8532459962710355e-21
3.039184613635941e-19
2.90290201686543e-17
1.702374613013608e-23
1.0207418685071712e-17
1.3317534352889153e-20
2.71895309593752e-17
6.176183748296584e-17
9.494962233215502e-18
2.0792782147719313e-16
1.4998459869444238e-20
2.225055768121103e-22
5.823939182193268e-25
7.651832944546097e-25
1.625009238057494e-19
6.505383103246968e-17
1.5372438241019692e-18
3.217747899728063e-12
2.1095079418627545e-14
1.405927454293104e-17
8.926015838986169e-27
2.814265747524969e-13
2.5812970225477526e-22
8.35875141058797e-17
1.881083004710195e-22
1.3359356210249779e-13
3.3743822081162833e-13
1.127155345589668e-16
2.4708585415540192e-19
1.30865813253378e-20
2.6660715928627113e-30
4.407920276292208e-21
1.9159212716522443e-25
7.948027534705562e-26
1.2657861013240639e-18
6.352789497413646e-19
3.500273655217877e-24
2.5579936749020516e-17
5.944091294444087e-16
1.5301342000391538e-27
4.8132619302996205e-26
4.9973742755767656e-24
1.7198212974517475e-24
1.6358874385943906e-19
2.421207426716275e-14
1.380478457918945e-14
8.262409353771674e-17
8.339423177522811e-16
2.220104135253198e-11
5.3661866549164876e-17
2.6447171762939076e-16
9.125904439217873e-22
1.9457042534874618e-20
1.425574813638586e-17
2.0058424297217291e-22
6.073881013122829e-21
9.104408807736916e-16
1.9069894633691405e-17
2.5631900235101097e-17
2.4365150739016905e-13
7.945937496034399e-18
2.4055077049202345e-13
6.9025725066076015e-19
8.924575019301967e-22
4.168052842832818e-21
6.544994400275786e-22
4.300496753520647e-19
4.440786627313287e-11
2.0054382047721194e-21
1.1698408060809563e-23
8.915339130486948e-25
2.64800288864743e-20
1.8429730872240185e-18
6.680115228335781e-12
4.527374559461984e-17
0.055925868451595306
2.2170003610710864e-09
1.691094625444478e-10
2.936059293639267e-15
1.0089889554917728e-16
1.96602399711032e-24
9.824499906269725e-27
7.158200493390125e-21
1.6746274412811801e-15
1.8351540081952897e-22
5.124502034575172e-22
3.9877294887801756e-20
4.342286599734457e-11
3.2616548807411084e-17
5.715003292925281e-16
6.836275014487242e-19
1.0180698062949259e-18
2.5349928437863242e-23
6.2959998325951e-11
4.776155915209301e-09
1.3239099819294093e-16
1.5848877151211556e-16
3.134668475906986e-25
2.5209434834998276e-22
1.4178951033955213e-17
7.46498254195302e-23
1.8083555512751543e-24
2.8414481221809054e-18
1.538266095261993e-16
1.0001275996491e-19
2.5538518259030808e-23
1.9084693523313373e-22
4.005565301667957e-07
5.722560012660916e-13
1.9636228596364357e-19
7.9475559840907e-15
5.5450879543104763e-17
4.353593765875352e-13
3.1473895959041657e-20
8.946683532479773e-25
9.709398976172164e-22
4.6839732485678464e-24
4.514894055956403e-22
1.0118517862327882e-18
3.628500781502308e-20
2.358101185156872e-15
1.3327537684570956e-10
9.043236419158455e-18
1.510894138750593e-13
3.99152282274707e-18
2.1917630611303897e-22
1.126590249041215e-12
6.493606036557683e-17
4.989104358051229e-14
2.4356719857440276e-26
1.3490283469335415e-16
4.6936234515479085e-20
6.954640424240518e-19
2.3932717733528348e-23
5.721451132712907e-19
2.3783120802034877e-21
2.1915851295198352e-13
2.3248759861704826e-10
2.435756149983354e-18
1.63521150423453e-14
3.1030751717324845e-21
1.4765670242439076e-17
1.3122724432903679e-20
7.471069649979957e-18
5.209783160431414e-10
1.0059215216262424e-17
5.661926090867958e-16
1.5696049247653652e-24
1.4644189176937056e-22
9.785850578831881e-22
4.965742123946986e-21
2.585568071493752e-19
7.333828547334892e-20
2.9617946295012454e-17
1.527378677865121e-16
5.894741076645762e-20
4.0192719198841416e-17
3.451769753599458e-24
3.025660598361611e-20
4.111790075089772e-11
3.5018035304056066e-20
5.426342683671312e-22
7.584054560041305e-20
5.096057256737119e-12
1.2517456410041654e-18
2.80187967908549e-19
1.0982379385554267e-17
3.8334747458211974e-25
1.7471692869578925e-26
2.2140381186225064e-24
7.721570981895041e-15
5.688985617159181e-17
3.640255874267867e-21
5.8344687713384135e-21
4.2704662198758507e-19
9.484994086778226e-28
9.097923479800811e-22
6.569913883758272e-13
2.473370616696039e-16
8.702041988552633e-25
9.734385009385336e-24
5.481212033433366e-19
8.672962065430786e-21
2.133727536209915e-21
2.1759965705245385e-19
4.6301613458668036e-17
1.2792725367491897e-16
4.878014591628556e-25
3.4646483180848614e-22
1.1508432999892429e-23
4.6011594836920206e-18
5.599584164029118e-19
6.643310010998142e-18
3.80194889595941e-23
1.7464215805218057e-20
5.820248034112592e-19
2.885456612310564e-18
4.3799921236589365e-15
1.5868735887965087e-29
2.3008635148359298e-26
8.302635440795038e-23
9.040181052203701e-15
5.988414757373418e-20
2.9525074591738062e-19
4.83813266711805e-18
2.5025687042066956e-20
3.587953551097695e-19
9.81613099452442e-15
6.392727716092267e-20
4.886858464883522e-19
1.5270768141090898e-22
1.7228762559705245e-22
6.4860488110838215e-19
5.626660721141973e-15
1.5412096935723792e-15
1.7279882405571553e-17
1.2458488978919433e-17
1.2663491972559173e-21
2.5556330668699478e-17
2.3925372037483772e-19
3.673197418693186e-17
8.295141666092222e-21
7.526721573186003e-22
1.2715681293487265e-20
1.459795864622974e-21
8.309869358404787e-21
1.8859805647353962e-17
6.6411191324868e-14
1.3762221173589922e-14
2.6592038219721203e-16
1.772741702781369e-14
1.4322430615720805e-05
2.0310277765167584e-11
4.41102168013905e-18
4.2092438340196256e-14
1.4221054262436366e-15
1.4677309660617727e-13
1.1434090343447512e-15
2.6795166085946676e-10
4.506710036796761e-19
3.152614929760993e-21
1.8179979319993375e-16
1.823794148627198e-20
1.3182862057566401e-23
2.2476520734396526e-24
3.1860760499166283e-16
8.1684273425046655e-16
4.614299393967958e-14
1.9428391187514826e-11
1.026588325458988e-08
6.968098515726384e-13
1.075882993806232e-10
3.623991354694187e-20
4.2182808813700434e-20
1.9346744280785655e-22
1.1822368085734183e-22
3.3670175869827566e-15
7.92699764742789e-15
2.030972887589429e-23
1.078850808538074e-24
2.792579910712503e-23
5.142358942461245e-23
1.3165711334018378e-25
6.145185651149526e-17
5.2099955460960246e-09
5.003721395557825e-11
2.969665047203307e-08
7.698927080709503e-14
6.965733328687107e-13
9.544692510313202e-15
2.3037086042117804e-19
2.2047592637649595e-16
4.1365206047911975e-19
2.155414247691917e-14
1.3770110067883734e-16
2.222858569619009e-22
4.057337448184852e-17
2.2219091597423572e-22
1.54095880209287e-20
2.726858181530817e-13
8.85420427484306e-16
1.10778500903133e-17
1.5908783556406117e-16
1.0718651376087455e-16
1.0813125026452874e-13
8.6871889652814175e-16
5.839644360520341e-14
5.241284447063789e-15
1.2163305880361652e-23
3.9481887509846225e-22
7.409848965965124e-14
1.5912250832836143e-15
1.1979479770410183e-16
8.864001640496975e-24
5.859132725164178e-15
5.444306336428547e-19
1.2720173359070941e-08
1.5898614618824886e-13
6.361848049909026e-15
3.257762830522924e-17
4.2153203128579564e-13
9.317523819163398e-08
4.4299323320728945e-08
4.1676249040376034e-13
5.603466163837424e-14
6.162015342425775e-10
2.236721875423231e-12
4.4230865229634425e-18
2.3915358188988206e-17
2.3460415467940754e-12
4.2854207892188754e-16
2.6458420408558486e-20
3.141316826011094e-22
9.897144064483684e-18
1.9475580799081056e-15
1.2079434504462916e-22
1.8261962035778694e-20
2.984298243501873e-15
1.802624747227815e-17
8.170583147234546e-15
5.027094853150126e-21
