1.2414203772661209e-28
9.146177975155436e-24
1.3275388884342551e-27
4.366326177736575e-24
3.4073161371579023e-31
8.795661870705744e-31
1.1297284356416214e-18
6.078990026321603e-18
5.370219423060548e-25
5.503724132457231e-23
1.666843247949851e-25
3.5818478959951116e-30
8.89806176028949e-29
4.129089680178615e-29
6.036869779907972e-23
1.6529645468733615e-24
1.3208269147259887e-25
8.0414524303185e-23
7.225392735073018e-27
1.5213565817246146e-28
3.517192355052152e-24
1.2346436430655403e-20
4.169145976855514e-23
1.1837078763894744e-22
7.677478319536766e-24
3.0412319865680444e-15
5.156269526337295e-22
1.4243300722528164e-17
1.0252559249417832e-19
9.813525187074628e-27
7.273620784733542e-20
3.1053201878272094e-24
1.1793032715251729e-24
4.966337430729363e-25
4.476908270290124e-21
9.089706805586225e-21
3.944457199089212e-21
9.951498464426061e-20
4.5496082271894524e-23
3.224309600188031e-23
1.2825082240384645e-22
2.1128362969400154e-23
5.55682608341113e-22
2.9203123751674054e-13
1.7914336959972584e-21
2.4344928383928325e-18
1.0395260549572868e-15
3.201530182582895e-20
6.0869370776227945e-22
5.488967749051676e-29
6.9731616096805535e-25
3.3967953750227006e-21
9.318178051486204e-24
2.2043861846291827e-19
3.82081900101493e-24
1.1461823311079626e-22
6.753370818568961e-15
1.3996247737180223e-12
1.749302417329568e-12
1.1633161250938524e-17
6.318868327615922e-15
1.431679174948656e-16
2.074227602721602e-20
3.451427387966592e-24
3.611558700840544e-19
3.0985836779415496e-19
4.554407661985527e-20
3.030540512747236e-24
7.885796289766462e-23
4.790507950145462e-20
7.180317982227311e-23
3.031023856507646e-18
2.0625772192505247e-24
2.2684962437459206e-25
3.686217954978049e-20
9.132992960245972e-18
2.9508787747400764e-24
2.655423505020985e-23
2.4600068107967244e-18
1.8837920464598552e-20
7.044186893764188e-21
3.2168955794489506e-19
5.809749480396289e-21
1.7603991506793947e-22
1.1330844632909075e-21
1.1329528063488684e-17
3.421602825323547e-17
1.5467204475755683e-14
2.7053893191251206e-17
1.473038194202574e-19
8.955944049115734e-16
1.6988555287492241e-19
4.219310979726613e-20
5.55914401399328e-27
1.210506319504544e-25
4.556532262464172e-18
5.245508905058555e-21
5.743748505060549e-22
1.3278308705071807e-22
4.5417078546434236e-20
1.7074883943653724e-21
2.358035161235933e-25
8.297842972745162e-26
6.335442016557296e-25
2.314063814959629e-21
1.3265780860824236e-18
3.516144606254683e-17
3.60584225272882e-21
4.2492479825085845e-17
6.323596863802036e-22
2.1870207070472397e-21
3.6104488209138933e-16
2.386959318082779e-18
8.805561290264614e-17
3.6367949866448503e-16
6.400155141418382e-17
1.441592339020063e-17
1.5287784262802383e-15
1.3177600272898776e-28
1.2215309724313709e-20
2.082535436440218e-21
2.322991580157675e-18
1.252828247558174e-21
5.0655280089493884e-17
4.2693422882185443e-19
3.0242079916577855e-19
1.327077098135024e-21
2.2758685078369228e-21
1.8158102805186056e-21
2.218822412101252e-25
1.0460461579565075e-22
8.473830449862149e-21
8.468745250518702e-24
3.2877509774772627e-24
1.2533785569256561e-20
8.218898826370773e-18
1.7444622671277578e-22
1.4828370969090954e-26
3.4833278698128665e-18
3.981597452082839e-23
1.124128935641604e-22
1.0396091003015584e-23
9.645267392922519e-24
7.426078572680162e-21
1.0250543010558686e-23
2.185052518021375e-21
7.458824895372334e-18
9.198798813598794e-14
2.300038248737518e-19
2.3650546903791194e-16
2.8689697136302517e-19
1.5479359606998297e-18
8.351129437551662e-18
6.045153591017366e-27
2.988215008770112e-09
1.5236681791403654e-28
3.965419301515255e-14
3.9125181647900836e-23
3.8910873383501254e-22
8.337970881011716e-21
1.5199760510663535e-28
4.028934634733324e-21
8.830817121835108e-26
1.7118816096559243e-24
1.4601047448853502e-25
1.774325299767181e-25
7.240488944349103e-26
1.436138725676442e-29
3.1982248419991053e-26
1.1646896390331717e-22
2.7233051902901237e-30
1.5069535916727124e-25
4.018475594996654e-24
7.324217284974581e-26
9.444674781911078e-26
1.4835383473501396e-19
1.0677017880607788e-25
8.11603070920937e-23
9.733065419194968e-28
5.526112317294722e-29
1.4542445676210275e-27
4.437830107907618e-23
1.102502929236476e-24
2.9508606104288728e-21
7.043727659731743e-29
7.424667936046788e-27
1.4709470256743354e-22
6.292191238314356e-23
1.3952210093866319e-24
7.64801720462602e-23
3.0911615150850763e-24
1.6629602197738215e-28
8.422800234800058e-32
1.2838533008720473e-31
3.1366253593974395e-28
1.4763421400684505e-24
8.841385408551959e-22
7.41795876649252e-27
3.9462620533375964e-29
8.226195682512035e-28
3.2968189335827782e-24
1.819159277165324e-28
4.4955550046471655e-24
1.5686751364153357e-19
2.0537122222647806e-25
3.0302846752949117e-25
3.4388483105795506e-25
1.6026199246142707e-26
3.818264156581127e-19
2.941808254836619e-24
2.4194902681845064e-29
3.5615142220822976e-18
3.7785568982002e-22
1.9066054948933536e-23
1.0617573010715064e-22
3.122044236233121e-24
8.699830693106163e-22
7.405637181985175e-18
6.953927084359767e-18
2.0604727765913885e-21
6.884743145491904e-19
9.257509698624498e-19
3.8531860807513446e-14
2.3978116382062604e-17
3.149291989820885e-17
5.228316657191457e-18
5.697740370019632e-24
2.6183170657611988e-23
3.2381272878038824e-23
5.346094947243242e-27
1.8001933652610135e-23
1.6770203193350397e-20
4.553911778971795e-24
2.9718224401280154e-24
1.8357893725455728e-24
2.2056293798331914e-28
9.625968699737192e-24
4.7779127520702785e-21
1.376761011506802e-28
4.56131009645637e-20
2.225856109792394e-20
4.157318881915236e-21
4.1334339281317966e-24
1.8754482698718145e-25
8.50007407250865e-24
3.005018693095847e-24
6.526592900172234e-30
1.379343187724751e-19
3.94707316080079e-15
4.406359457562154e-20
2.6566372790547153e-17
4.1339545763292425e-24
1.2907646283712663e-28
2.8164555452876384e-25
1.0291493253465252e-22
1.3182150702245118e-24
1.7614413305985003e-21
1.629034877298371e-22
4.195230451547552e-23
2.1462447744454693e-26
3.6151391488908055e-21
1.9381151448538778e-16
8.017396141665688e-26
1.3930724481036493e-24
8.136095998489729e-21
5.464475383637136e-24
2.5078607618121527e-22
1.8831238396212772e-20
5.190402030981879e-25
2.1477643125872516e-22
6.034553340977977e-20
7.384669135733933e-20
1.988995768665319e-22
2.0492468189044376e-22
8.111561481845789e-26
1.0771456097375765e-29
3.442894752871359e-23
6.42924534353761e-26
5.4361453595804016e-21
4.892129107881519e-22
5.255289661481317e-26
2.425472877056135e-26
9.528663970488223e-27
2.307840169423091e-21
4.746786930094084e-16
7.194316006727757e-19
6.106141932143636e-16
8.129633826659001e-23
1.2259857891631921e-18
1.1342600197232207e-15
1.4696361231277655e-20
3.6313360157532544e-22
3.9516241455635513e-22
6.302906493762155e-23
3.551008821507721e-21
1.2741409720542897e-21
1.4802998835532063e-18
3.636427676311249e-27
2.7540581267988537e-25
2.2537147061545477e-23
3.6869033779170224e-22
1.103194338856883e-29
3.212947883089166e-26
1.0038025460413956e-23
8.350343855076632e-23
1.468658043205919e-24
3.1482862708807605e-30
6.098449079996416e-27
3.73619907500323e-24
3.5617028835984137e-34
1.1596300666250924e-24
1.792453562184473e-27
1.6983042842601084e-27
1.362297209253941e-25
1.0251490371261284e-29
2.5393435338533554e-34
4.217175950563599e-25
2.9696506637817796e-29
5.737344934551026e-25
5.714205256047763e-28
2.3065979848655193e-22
1.844385107576908e-27
9.921051997873645e-22
2.2349690929024838e-27
8.719482963609971e-26
4.0248886397256484e-24
1.5740945910219625e-26
7.875958188480702e-25
5.975682601621396e-27
5.383498322622438e-22
8.233272242462493e-25
2.396153444029157e-27
2.8535058768155405e-25
5.3340544698851655e-20
1.3050677577518457e-29
1.3723331962977758e-24
1.6951883026428583e-30
2.5388947650077e-29
1.6061713887355273e-24
1.1990239453413642e-21
5.416147319114491e-22
1.1377568864325315e-23
4.486877028555345e-28
4.200965533437381e-22
1.903872880717668e-23
1.6724813723075723e-31
4.331634244492444e-25
8.731321111674823e-21
4.172876588206858e-27
1.6259035856401764e-25
4.1450121974099064e-22
5.8054534094004e-28
5.661694174260937e-29
5.111170108923384e-29
9.42839719986577e-20
4.57701842700614e-26
7.634360106903759e-27
2.041696437786386e-27
5.947000232516247e-29
1.0248889125689821e-33
1.5389458456839505e-25
6.530258549817224e-36
3.6571938113065475e-29
3.2871928772609323e-28
4.2674817296075395e-21
6.880402180063521e-29
3.3887389183110946e-32
1.8031823986739412e-24
7.31021874842341e-15
1.7283579557375967e-24
2.5426695859354574e-33
4.166339596789619e-27
1.0678682962600507e-26
1.079939818114001e-28
8.960015165018505e-30
3.29544757239961e-32
6.907888450376708e-28
1.1256766798292482e-32
1.79094305532909e-27
1.68109402229315e-20
7.508518953484695e-35
1.963024872679341e-33
2.8531532679316724e-28
4.7321976567675457e-23
2.0544466717972128e-27
1.166243334112593e-26
5.392144225993089e-32
4.4971216517826483e-29
1.8838968715591184e-23
1.318991478933381e-29
1.302382138722364e-29
1.583109976943716e-25
3.1485021856831195e-30
8.480050120328585e-26
1.001789162878378e-33
1.15992915353062e-27
1.8867996701491537e-26
7.415566615552213e-31
1.464305395151789e-17
1.0606125092689674e-28
1.2397501908783481e-20
2.2269195146255218e-26
2.1760776700252706e-28
7.7344782329303e-31
1.2805255518222028e-26
3.5621215434933977e-28
1.2123987044437542e-29
4.293985514975241e-28
5.299053569091199e-26
3.1195936792740973e-23
3.649085465684745e-28
4.5362270951985505e-24
4.5497574279037233e-26
1.5192915773898999e-21
1.1205209913080656e-20
1.0763619866186649e-20
4.57104873751332e-27
8.578734770678987e-26
1.0568620996659434e-25
1.606962833160213e-23
1.65493677155138e-27
7.403912574222116e-26
1.276283348678202e-33
2.134150205228616e-29
3.9257815671794903e-22
4.4876860924656826e-26
1.4959170661883562e-32
1.865470308978681e-28
4.1887467207162643e-19
8.883602467409001e-24
6.001863308099407e-27
1.9946233357162994e-25
1.7117322388435207e-23
3.4342731638483016e-25
5.424026595033153e-29
2.4388201349052473e-29
8.042342265419589e-23
6.746766788269725e-26
1.089342461362287e-24
7.572233458757716e-27
2.127972612890598e-21
3.704841715353739e-27
1.333120522302581e-28
2.270530765324292e-25
1.155272103161812e-24
3.677225758549516e-22
2.3759782390251477e-16
1.459901584606048e-21
1.1591972580894429e-23
3.0436738173054895e-27
2.2588842509497145e-26
1.7882718446630046e-29
6.267538151734842e-24
1.8163873632335653e-26
1.1352459816142583e-24
1.1352459816142583e-24
5.908184843009248e-26
5.978296920804184e-22
6.326178269119409e-22
6.103454513323318e-19
6.103454513323318e-19
6.103454513323318e-19
4.906159029385848e-13
4.906159029385848e-13
3.746723066391392e-21
1.277166806885926e-30
2.4538576947997007e-26
1.3610536083628659e-28
5.0122273431307194e-24
2.86424003534278e-23
4.071498186543488e-22
1.8863510557005844e-21
6.265612480635439e-28
5.234440275266187e-19
9.634019971908058e-23
3.937024028089014e-17
3.010325445286702e-20
3.11429700765276e-19
8.075102575865167e-18
3.409460776669739e-24
2.158983618061867e-16
6.889837891321804e-07
3.61861791188686e-20
4.8667676537914e-26
4.3535618534575707e-35
4.743399179349838e-32
5.416275449230724e-28
7.55728932091004e-26
5.9941800252971536e-18
1.5716680709590177e-29
1.5716680709590177e-29
1.9728409070683512e-21
2.2117062088088182e-26
1.1999934995700915e-22
5.246367983606938e-29
2.902211000521461e-20
3.830045660157358e-22
2.309740080959887e-23
3.6646470243169686e-24
3.161660522744529e-28
3.9231606741179484e-30
1.209755116846786e-23
1.6549304159825635e-27
1.235471540594884e-22
3.2483538710379896e-26
7.89142933587243e-29
5.306970052178347e-16
1.8166849513149594e-19
5.107667608562075e-19
3.524616041534299e-26
6.473080593755608e-24
2.9026169793555167e-30
6.3244488700644916e-27
4.0468253823856475e-25
4.604340895629406e-24
2.1062884688542395e-28
5.041162183988693e-32
3.087829938141134e-29
9.038252778752446e-22
1.670956171494447e-25
1.5376270083010794e-23
1.0070616188681321e-25
8.403701696730967e-25
1.2947920347329859e-23
1.7142345430761136e-16
4.51915652007627e-19
5.708078760004276e-37
4.712361985964035e-24
1.916634428731835e-21
2.3359228477207156e-24
1.7802850188260036e-32
2.6577633059089155e-24
3.7871320510049576e-20
8.803822998845085e-30
4.465639279057502e-26
4.945692940839729e-25
6.688717622705441e-28
2.7503030041443293e-30
4.556797738391973e-31
4.775745334984042e-28
9.315081575217986e-25
2.922453668082818e-27
2.359174385390707e-28
1.126800751074729e-27
2.559897552181084e-13
2.612548578081325e-13
4.594250970221177e-25
4.976470944771133e-30
8.40657943666131e-27
2.6139132892008477e-25
4.744586501451698e-20
8.214127420294515e-27
1.64101352854917e-18
6.802640327072332e-26
3.1490028181119505e-25
3.2411689461277973e-22
5.467544336296075e-30
6.524765799915392e-33
4.403587588104894e-27
4.073490128984722e-28
7.813985177158926e-24
3.660828900557844e-26
1.9925906168083557e-27
2.2104960463833645e-22
2.4738054787615806e-23
7.835721210377922e-30
1.470139232107389e-22
1.9494307023994487e-23
4.366689348799577e-18
6.490415369324494e-16
7.755406316401371e-21
9.377190077397549e-17
2.1540350221964837e-20
2.7575416754195895e-22
9.962958547889213e-37
8.540502010609869e-25
6.1410125845162e-14
8.850437704821873e-20
4.5265976714306744e-17
1.1017209708641757e-24
4.119847817947729e-17
2.194030677391707e-29
3.5861373336559797e-32
3.030694518001902e-29
8.987014276412206e-17
1.3319268685677387e-19
6.228540558758434e-18
4.2967132604181024e-17
1.2218786467825845e-23
4.894178603850213e-16
5.111456848501926e-16
2.4839865699594835e-18
1.5478612163688737e-23
3.994401824869061e-18
5.492450215577117e-27
3.1004019875209183e-28
3.7492196186743554e-24
2.2854153996404064e-26
8.734532079620116e-33
5.463426099299827e-19
8.97436867007974e-18
6.274616917701414e-17
3.1986134661071697e-12
7.357161314360244e-15
2.2165058677359184e-09
2.4429888683670075e-16
4.038949554040043e-15
9.673533699106217e-23
3.4769334698429217e-23
1.1743436304905439e-15
2.2867204066152796e-21
5.1818092932053665e-20
3.751059026601177e-27
5.995902559174926e-12
2.4263833130200307e-12
9.365724612953735e-15
1.3647695542857562e-15
2.2403274371816766e-14
6.3643092532150725e-12
5.727750362893858e-07
6.584799372433281e-11
5.200703149382813e-12
5.517543486147314e-20
9.730828847505282e-15
2.9354838753723118e-18
9.260354561348248e-15
2.1302188901728414e-09
4.7973964075387e-15
1.905617031766572e-15
4.669470292064304e-16
1.161410269172325e-12
1.1171904000119152e-15
3.822157908640704e-14
2.0321584415228244e-08
1.4293186317675122e-13
4.824881610237565e-14
1.5644565504180363e-11
5.33526300402456e-17
1.1751895030026605e-13
1.7874779121591115e-17
2.508788346473412e-15
3.173532021363384e-17
1.982707617878554e-15
4.75977655726989e-13
1.0248445429968112e-13
3.405201535783449e-14
2.6796427269893666e-15
5.923470806738773e-16
2.1294255828042605e-14
6.795212721504018e-14
1.6052896947958575e-16
7.606202341621927e-17
4.240348577908698e-14
4.622223177125351e-12
1.5394016372738406e-07
2.6677054519590423e-18
4.273282172562176e-09
1.5732831704085015e-12
5.454571798575725e-13
2.765297745742303e-20
1.5029327066727605e-13
2.3912932723378633e-14
9.20856633167841e-16
9.467752103142768e-13
4.65030517901594e-17
1.7013744653544252e-16
3.3127564446234093e-15
3.976947073173273e-18
1.916730879916728e-12
3.102299528379149e-10
3.945774937225335e-17
1.4390939425502425e-15
4.969165371879452e-16
2.131497933613013e-14
2.782073074518443e-13
4.748510479872175e-22
9.488461405471327e-11
6.804308693931164e-24
1.991528107793642e-18
7.398787054487162e-15
2.4491530637866864e-19
2.1574911443544436e-18
1.755801097809818e-19
6.806316307002985e-14
5.0460951064347503e-14
7.988747196315676e-14
7.771827070790494e-10
4.0656132974103976e-12
6.838734911696065e-09
5.7203159542495996e-08
2.7205558372149938e-21
2.9350739825633734e-15
1.884975685874932e-15
1.2449990690742186e-16
1.0439445493870797e-16
7.080590563223021e-19
1.0442562680995811e-14
6.975944344747576e-13
7.010588290445874e-12
2.4713067150409357e-15
4.4957666197687277e-14
1.74462727636368e-16
6.025530074893481e-11
2.6985466494875104e-16
7.592027592533135e-13
3.520873779570201e-22
2.0562651818495568e-20
3.2191561606654814e-18
1.531861956007739e-21
7.132570104879292e-16
2.293540791314941e-12
1.4715866558025095e-15
3.620589478182598e-14
1.6119046250672196e-16
7.33339777791997e-12
6.46760318386816e-16
9.638175301536923e-15
9.144372759006814e-11
2.263917685927535e-15
2.032135801999105e-15
1.7433242485232273e-15
6.6924958908032295e-09
7.451119121660785e-14
1.2722126130348954e-10
2.485557315523579e-09
1.0175154670715204e-16
1.052570530735153e-11
1.0162661321201985e-13
1.1240638741583098e-05
2.2491828278320414e-13
1.3306747197183721e-12
4.638855966021538e-11
3.898395447871506e-15
3.733909611624425e-14
5.42817548730315e-18
2.5221726846498917e-16
1.412311375766847e-20
1.3223833920245065e-12
1.8498554367156128e-17
6.889074211480443e-20
2.956854842592398e-21
7.45922143496891e-11
1.0612345564833489e-15
6.288283158281019e-22
2.2898185558502086e-14
7.12480313462549e-13
1.4935971510440473e-16
7.116841560517173e-10
1.5387575646229413e-18
3.10857601974119e-19
5.875670090547253e-16
1.2645052064909706e-21
5.711458370860612e-21
2.846094656800886e-23
1.0785207858457605e-18
1.4189544628769575e-26
6.348848411818687e-24
3.7929116423203255e-22
3.6413403384133917e-28
2.2015854270076735e-21
5.530988402275569e-20
1.274483181682023e-18
3.0847299321248094e-24
1.4180917041938447e-22
5.055450116811523e-25
2.075121385305464e-28
5.8394896027874375e-25
8.428171054571381e-16
2.823027742704261e-25
8.415445046283375e-17
2.122166722204528e-15
8.8132602903595635e-16
9.977633072511503e-16
3.572515953854591e-14
2.0096975299199737e-12
1.0470707792505503e-17
2.9663596325067724e-19
8.817104083522556e-14
2.457742421641319e-21
1.4847508390317775e-18
4.0812336312526843e-29
1.6405200688782738e-24
4.1059051437856076e-22
1.9612808011295684e-18
1.507847162030188e-22
4.232733530070483e-23
4.004632973065311e-21
1.0821143686194206e-18
7.238211537428395e-22
3.5392468301850998e-19
1.5806018078173877e-15
1.0817459307423621e-20
2.6035592578947158e-21
1.0315125607675952e-20
9.20073401763871e-24
1.304892239378978e-16
7.882677424048031e-21
6.576525107548597e-23
8.295169534970282e-22
2.1322599932737898e-16
1.3393131511903433e-21
2.7552702754432036e-15
1.6547764830084468e-15
8.498195797716486e-16
8.107928034861919e-22
3.805946009738381e-12
1.40331865899001e-16
7.492940272288634e-16
5.575053613204872e-11
2.1684806006837286e-19
3.391912313397608e-22
1.1106872549285336e-18
7.895317429354454e-13
1.4723431091639668e-17
4.2246597331541125e-07
8.122068699905846e-16
1.6873782685030802e-19
2.0012695243544644e-17
2.1430781425661665e-19
5.555517538612034e-20
6.798579084546291e-15
9.914604692795592e-10
1.8623613884909e-15
8.255080782360383e-14
2.262442455602809e-10
7.746323825712654e-15
4.60175951164099e-13
1.646480391066927e-19
7.834082986441242e-21
2.9936145490853467e-22
1.4445848290296264e-20
1.3242024233631713e-17
3.7372961171101837e-13
1.0860204134100805e-14
3.595048757425354e-20
2.5783867543718564e-20
3.0069557130964355e-17
4.718668571448679e-27
1.1994329813075102e-18
2.5379994786581996e-25
1.0623701134662311e-20
2.186338654626924e-19
7.6559143247932e-19
4.03309776296365e-23
3.0020098971395218e-21
5.5014421408741566e-21
1.4266163497058292e-21
9.27162475822794e-16
9.89925833812937e-18
5.777003548676203e-19
4.876977727913401e-12
4.96053427555352e-14
1.626158171248815e-17
2.132167055760026e-12
6.130886770483457e-11
5.1689848116503757e-17
3.5508219628499482e-12
2.2080872286861508e-13
1.619202369773187e-15
6.062296198071303e-17
2.336172162838157e-13
2.314142652542909e-29
1.143928667882068e-14
5.017433351788635e-23
2.2834117680437666e-14
2.4617950432630382e-14
8.116530531478918e-22
3.0233021617392e-23
1.7874329810317266e-14
5.6344709578387206e-14
3.0606506129515765e-07
2.1990644230325524e-16
1.3804937228079073e-11
9.821398523016805e-14
1.724319878505451e-14
9.76630597546808e-15
1.4814347236548407e-19
1.1608292065822117e-17
3.2694417130823093e-24
3.2870246424770077e-16
4.3452578435908794e-16
1.4630411348885024e-20
2.237454606356451e-13
3.5319169023630397e-15
1.531221535652277e-18
2.2105197495507787e-16
1.0499547330742112e-13
1.0874951454168535e-16
6.039360560884553e-22
2.998142181540983e-21
3.3728780491261315e-16
3.081047381507818e-25
2.0367706996984414e-21
1.3327300092437394e-19
1.0648166778424414e-20
1.2526746405627093e-22
2.1870572677840796e-18
3.6978194457968536e-22
9.822736169854819e-20
1.5337579040549118e-19
