0.9999299049377441
0.05670321732759476
0.9999645948410034
0.9937631487846375
0.9876936674118042
0.9999885559082031
0.9997960925102234
0.9999912977218628
0.9999992847442627
0.9999979734420776
1.0
0.9999997615814209
0.9784343838691711
0.10565430670976639
0.001004545483738184
0.03138316795229912
2.4265114006993826e-07
2.578971134425956e-07
2.1022688656557875e-07
1.2260115909157321e-05
0.22068993747234344
0.0003285983402747661
0.00097882270347327
0.768197774887085
0.0011054588248953223
1.1964120005814038e-07
5.390770070334838e-07
7.773948891554028e-05
1.519615153711129e-07
1.785761751145476e-12
8.81087373727496e-07
0.011459107510745525
0.0038115940988063812
0.13892096281051636
0.038787610828876495
0.00227523734793067
0.964576244354248
0.0005227220826782286
0.06224539875984192
0.0001897876209113747
0.18368332087993622
0.46283748745918274
0.9991174340248108
0.9920551180839539
1.3304371350386646e-05
0.9999176263809204
0.9998891353607178
0.008491639979183674
0.0872451439499855
0.0003232921881135553
0.006703520193696022
0.9897708892822266
0.8514345288276672
0.9841452240943909
0.0001515821204520762
1.629760390642332e-06
0.9996015429496765
0.991328775882721
0.9333733320236206
0.999994158744812
0.9999275207519531
0.03238724544644356
0.9981659054756165
0.0011207899078726768
3.905244011548348e-05
0.9999401569366455
0.999963641166687
0.9228865504264832
0.9456349015235901
0.6398211121559143
0.13019612431526184
0.9988038539886475
0.9385753273963928
0.7105095386505127
1.6245250662905164e-05
1.2578988389577717e-05
2.4655809838236564e-08
1.0341457254980924e-06
0.1909315139055252
0.07784198969602585
0.5237811207771301
0.9996813535690308
0.9955244064331055
0.13274545967578888
0.19752167165279388
0.8539756536483765
0.9990087151527405
0.9734443426132202
0.9980263113975525
0.9935746788978577
0.9986163377761841
0.28123775124549866
0.03424796834588051
0.7185302376747131
0.053717222064733505
0.9998743534088135
0.022677425295114517
0.5151692032814026
0.06190294772386551
0.9674974083900452
0.005766016896814108
0.00013581056555267423
1.752988828229718e-05
1.7536058294354007e-05
4.85080761336576e-07
0.30931195616722107
0.9659994840621948
0.9706646203994751
0.8555065393447876
0.8368020057678223
0.6784567832946777
0.9701014757156372
0.9999805688858032
0.9999988079071045
0.004760140553116798
0.9374898672103882
0.06817235797643661
0.00021008189651183784
0.2779608368873596
0.01694333180785179
0.5631038546562195
0.9998934268951416
0.9990109205245972
3.830617060884833e-06
0.0005698503227904439
0.9979952573776245
0.9606976509094238
0.00016188519657589495
0.9995471835136414
0.9971712231636047
0.9998718500137329
0.998984158039093
0.9982407093048096
0.9999579191207886
0.9561896920204163
0.9960899353027344
0.9999527931213379
0.6755669116973877
0.9999995231628418
0.9999986886978149
0.9998970031738281
0.9999998807907104
0.9956638216972351
0.6597898602485657
1.9963538022693683e-07
0.0862838476896286
0.00020925045828334987
9.919263538904488e-05
0.8590977191925049
0.9977892637252808
0.004891283810138702
0.1055583506822586
0.968841552734375
0.3687339723110199
0.9691251516342163
0.00046973463031463325
0.0266644936054945
0.0635763481259346
0.9999985694885254
1.0
0.9873502850532532
0.9999978542327881
0.9999121427536011
0.013744260184466839
0.47319063544273376
0.9996947050094604
0.047243498265743256
0.09228617697954178
0.9866828918457031
0.6241456270217896
0.9999982118606567
0.9995519518852234
0.9732815027236938
0.23130451142787933
0.9189242124557495
0.19931373000144958
0.04097242280840874
0.37850362062454224
0.5719737410545349
0.9917665123939514
0.9999281167984009
0.9999934434890747
0.9975244402885437
0.8911402821540833
0.36012735962867737
0.9907481074333191
0.6502282619476318
0.9766874313354492
0.38634923100471497
0.9927404522895813
0.7655522227287292
0.9998890161514282
0.9549209475517273
0.9998251795768738
0.9945774078369141
0.9988879561424255
0.012683453038334846
0.7883611917495728
0.12461815029382706
0.987902820110321
0.9982459545135498
0.13983015716075897
0.00010384025517851114
0.0006498583243228495
2.387721576013746e-09
0.003604885656386614
0.05360924452543259
5.196358415560098e-06
0.567236065864563
0.7325229644775391
0.38903096318244934
0.22835442423820496
0.07733795791864395
0.9769678115844727
0.951167643070221
9.305895218858495e-06
0.29571956396102905
0.000269470940111205
0.9994264841079712
0.05061139911413193
0.0003941390023101121
0.9999936819076538
1.9850192529702326e-06
1.877902100488882e-08
6.642469816142693e-05
0.0197325237095356
0.9994506239891052
0.9998095631599426
0.7913089990615845
0.0006252560997381806
0.9999994039535522
3.233417010051198e-05
1.1463977898529265e-05
0.9996936321258545
0.9999995231628418
0.3899199664592743
3.1098866770662426e-07
7.759081910307941e-08
3.16764235321898e-05
0.061719540506601334
0.3021997809410095
0.029774237424135208
0.056418661028146744
0.9999866485595703
0.9910575151443481
0.9909462928771973
0.9981820583343506
0.9889272451400757
0.9876585602760315
3.706643474288285e-05
5.11376413214748e-07
0.9269987344741821
0.059041447937488556
0.9339280724525452
0.9623216390609741
0.005616126116365194
0.9504655003547668
0.9959030747413635
0.9725893139839172
0.9998738765716553
0.9999568462371826
0.7567271590232849
0.9837027788162231
0.6064419150352478
0.9988980293273926
0.9900391697883606
1.3242454599549092e-07
0.000680074212141335
0.0007336913258768618
0.2400742769241333
2.113445702889294e-07
0.04764698073267937
8.091438985502464e-08
1.2671916010731366e-05
2.5381331170137855e-07
5.090453487355262e-05
0.9999843835830688
0.9994981288909912
0.46597155928611755
0.999993085861206
0.9995406866073608
9.378720278618857e-06
5.426215352599684e-07
0.09857664257287979
0.008294163271784782
0.9999994039535522
0.9999991655349731
0.6403746604919434
0.9254457950592041
0.9721511602401733
0.16653257608413696
0.0001715344114927575
0.014597194269299507
0.9985393285751343
0.01105878222733736
0.9999984502792358
0.9999985694885254
0.9987691044807434
0.0032974460627883673
0.00030182767659425735
0.8688741326332092
0.9120320081710815
0.0358312763273716
0.00013355404371395707
0.999996542930603
0.7322472929954529
0.9083981513977051
0.9988232254981995
0.0004567691939882934
9.856091492110863e-05
0.3263191878795624
0.001811778056435287
6.71671841701027e-07
0.2395070493221283
0.18428878486156464
8.526480736736897e-12
0.01004176028072834
0.004676686134189367
0.0010472863214090466
0.003379376605153084
0.8478346467018127
0.9999914169311523
1.0
1.18266132997924e-10
0.3683128356933594
0.0028173672035336494
0.9988729357719421
0.9733844995498657
0.9636954069137573
0.000586734910029918
0.5803951025009155
0.23091556131839752
0.9997401833534241
1.631270606594626e-05
0.9999598264694214
0.0015647835098206997
0.9969545602798462
0.006639304105192423
0.9999984502792358
0.999503493309021
0.9968655705451965
4.748481387650827e-06
8.712682028999552e-05
0.3811172842979431
0.4671758711338043
0.9999864101409912
0.9996682405471802
0.6148363947868347
0.6768218874931335
0.9546270966529846
0.561020016670227
0.7461161017417908
0.000358002056600526
0.9905361533164978
0.0044448040425777435
0.7011464238166809
0.0012923127505928278
0.0004599032399710268
0.006476050708442926
1.5823711230211757e-09
2.0119269095175696e-07
0.00025294069200754166
0.0022522618528455496
0.0006700356607325375
0.0070177046582102776
0.038511693477630615
1.1354971718446905e-07
0.007498973980545998
0.9999755620956421
0.999955415725708
0.988121509552002
0.1685211956501007
0.9542627334594727
0.008901533670723438
0.5753952264785767
0.046182289719581604
0.29584407806396484
0.1716202050447464
0.8317567706108093
0.8283820152282715
1.048640115186572e-05
0.015181140974164009
0.03864818066358566
0.9998974800109863
0.9999929666519165
0.747248113155365
0.11805109679698944
0.9998393058776855
0.7912555932998657
0.9999337196350098
0.9999064207077026
0.9999847412109375
5.87675867791404e-06
0.019977852702140808
0.0007659945986233652
2.6170993805862963e-05
0.7323238253593445
0.8771361112594604
0.0003806108143180609
0.0002863821864593774
0.014208206906914711
0.00011145757889607921
3.426797047723085e-05
0.3794645071029663
3.851728979498148e-05
1.4844290490145795e-06
0.9877952337265015
0.9835298657417297
0.001179187442176044
0.027865903452038765
0.08287546038627625
0.13555854558944702
0.11460618674755096
0.9914195537567139
0.004157155752182007
0.6939160823822021
0.032932210713624954
0.9991785883903503
0.8500527739524841
4.8686531954444945e-05
0.3699972927570343
0.9995927214622498
0.6024031043052673
0.08553079515695572
0.011818932369351387
1.189983933613803e-07
2.085816413455177e-05
0.9831641316413879
2.3087874069460668e-05
0.005037057213485241
1.5225934930640506e-06
7.084977937665826e-07
9.049317739595608e-09
9.0354427584316e-07
0.9560279250144958
0.00025128235574811697
0.0057072569616138935
0.3487066328525543
0.44903701543807983
0.006814159918576479
0.981245756149292
0.9701789617538452
0.6501144766807556
0.21208763122558594
0.005047341343015432
0.00012134525604778901
0.049605779349803925
0.0023267772048711777
0.9819461703300476
0.06833646446466446
