3.540298448162293e-20
2.568616570526941e-14
6.433900125557557e-06
0.0005735160084441304
1.9042856484394188e-13
3.722893437278637e-18
2.0684214891038788e-26
9.552877945547892e-17
3.181195499014108e-15
6.351705554293901e-32
1.1458416070901471e-14
2.49865336159939e-31
2.4878101264119692e-24
2.712885984522627e-29
3.4928192352079003e-23
8.676669030109503e-21
2.293430788165581e-20
1.455424073216886e-23
7.993735811883491e-24
2.1475177830411387e-15
2.1587354307908765e-17
1.046364036135185e-17
1.0647064544102316e-21
5.658733200173283e-15
3.3022320602537746e-16
1.2697242439755967e-23
1.0862871969133903e-26
1.664814849344165e-19
7.814783874011054e-18
5.639750008103968e-29
7.805682721776557e-29
3.872066310067049e-19
2.1966240141397526e-24
2.7628197581963384e-20
1.088471943098184e-21
4.4847903967989594e-20
2.319639559568378e-22
4.690450317247908e-22
3.969879835890076e-20
1.9920669949750757e-26
3.6988926020149617e-29
1.8002209519278846e-38
1.638473877273479e-18
1.9627137000937412e-22
4.450603514200013e-12
0.07332047075033188
5.947554548858016e-26
9.429384562156116e-24
1.5229696886921471e-22
8.172167522362385e-16
2.4026214159103866e-22
4.9326711275955846e-26
2.1773606680673685e-13
4.62831332146546e-22
2.3224840531530856e-20
7.810206203561626e-15
2.2220605579272873e-23
2.5595156598481027e-25
8.200406276850474e-29
6.693449775097616e-25
2.2525097535496856e-17
7.570440330381418e-20
1.1045263878768445e-19
1.072923800734309e-25
2.943122351775247e-31
5.5235635677049815e-21
9.239745398212424e-23
3.911303639470786e-26
2.8095444561255415e-33
4.845692402225202e-31
2.354109436513818e-16
3.137819584737196e-22
6.776462692837768e-24
7.669252866878027e-24
7.64777362679476e-18
1.9733055776959626e-23
4.05524416424721e-19
1.2321526923260925e-23
2.1359039017159176e-19
8.442230846633319e-24
4.1933924687472593e-22
2.2231864578976804e-32
5.817634977424355e-32
3.216832700493199e-35
2.207205906071839e-33
0.0
0.0
5.820518977131069e-25
1.889767728451909e-18
1.6457852875656487e-13
1.2624066559902697e-13
2.5548424476404696e-18
1.7976558216721387e-14
1.3404782587211027e-14
4.455553703763826e-09
1.6249084658100175e-21
2.463416656076821e-17
2.5682530239859794e-15
1.5144623836255144e-14
1.1876258440221554e-13
8.67269072583974e-15
9.564658093319522e-13
6.445497781337739e-12
1.2673196842535699e-15
2.731262767679616e-16
1.803592323233738e-12
9.573361163467617e-36
2.300387299768231e-28
3.128271868672674e-21
4.649713085718414e-20
2.9190753472082774e-21
1.3475315930976168e-31
1.5841831896253138e-20
5.4064520509563824e-27
3.882969429419899e-18
1.3331655710076864e-29
8.920960164548593e-31
7.947083366809626e-27
4.260948783145392e-18
1.3603870587562217e-16
4.0669044115398895e-29
2.554493524806433e-24
1.1186155678423526e-21
1.4850739181688254e-25
1.9868250758896403e-24
1.0664531691592336e-23
1.7306376173411014e-20
1.3244876148819817e-21
1.8159118921140853e-23
2.49366367322768e-16
1.0941863748279175e-16
1.2355604925505567e-23
1.5120545326862187e-26
7.414499868534774e-29
1.6110898239880153e-20
7.350622954244941e-23
7.202746011145438e-19
3.754518728696305e-22
3.1432962231727003e-21
2.6097771513300394e-11
2.941283369341458e-15
4.061999812150866e-24
1.4593638388519126e-18
2.2836543857422565e-19
4.0207851301266206e-27
1.2182105096816137e-13
1.4075037761972946e-19
1.6880894464253228e-23
2.0620134459186536e-29
1.1131183187641433e-13
1.576688947587876e-13
2.158666637400778e-27
3.0641673226528e-11
2.38257933618969e-14
1.0838541776018034e-17
1.364295492534479e-23
7.166754138649255e-28
9.506243503800414e-31
4.6978688914183516e-20
7.807811568627844e-18
6.38027800163849e-20
3.8605519526586494e-24
1.6460789189953575e-26
2.2153878164905088e-26
2.557905662884876e-17
4.416381926527745e-23
2.8013774253573053e-19
6.705243582594278e-10
1.1430391053647786e-21
3.2538083204136734e-20
1.4834980222952777e-20
1.5619071553967748e-15
1.789243105246542e-19
2.5207012296018334e-16
1.1417802600648887e-20
1.3412039330228391e-15
7.978494084173567e-19
1.0179000654517156e-12
1.1344366525625028e-16
2.1512007453150517e-10
1.0785139846530672e-23
7.02381999456077e-21
4.111269559499824e-20
4.1820691874805416e-13
5.6756000105270815e-21
2.0584237439558173e-12
7.713835538207536e-13
3.0018863375231363e-27
6.774003320358128e-25
1.704636605481813e-11
1.6548019774710204e-22
4.104185600438365e-28
1.2865857387724688e-21
1.2336350913461616e-29
9.152332661197215e-29
2.5613251785747826e-23
1.150188782096181e-24
8.882151923852806e-30
1.0688260227027956e-26
5.388069126674404e-26
3.882373174369916e-20
2.095332072987449e-22
1.5495070908311462e-26
8.932848268056877e-30
2.2457030708545316e-27
1.0038370192629537e-23
8.78510643074281e-22
1.89373640758565e-26
3.38336857114083e-23
6.7821744402220205e-25
1.1303284199463368e-24
1.0856509670347827e-23
2.3328746275531834e-26
2.7267522924200682e-18
8.842732049936399e-30
3.1521861800133084e-26
5.708590091739105e-26
2.7493470451184666e-31
1.77068337252858e-22
5.703480910826925e-24
1.6043901999761062e-23
2.4863661617866454e-18
1.1146122237039234e-20
2.693323222807061e-23
8.216323476583772e-34
1.836634479738207e-19
1.0593813269667667e-24
5.891528772435701e-19
1.6716496876493258e-19
3.640119889541937e-12
1.8941157670093745e-11
1.6680349838527e-15
3.098325225938184e-14
6.883808236070735e-31
0.0
7.573949792057371e-24
2.320735473735202e-31
4.458372362128555e-33
9.049913278891316e-22
2.1885778301217245e-24
4.647346068235814e-31
1.4067752225708358e-13
4.771713521545002e-16
4.817298236499169e-28
1.4671299801894606e-23
2.1050517810887e-28
3.474208523025456e-27
1.989934962793248e-24
5.597518632001027e-17
8.827738751581923e-14
5.388337641821984e-18
5.096562494949497e-12
1.6558460332050107e-12
4.391818715305856e-16
9.867372676185043e-16
8.674733359562642e-32
1.8725854455262522e-21
3.5750608244764496e-24
1.6497622403409247e-34
6.599553807035117e-28
1.9966312434864229e-19
8.400738056750578e-21
5.9462989049528946e-21
3.775875943699434e-15
3.638272498722944e-20
9.164531113159402e-13
2.5171061372235554e-17
2.1425004646477652e-24
2.3595032806843558e-24
1.4978219793830832e-20
8.037602844567803e-27
5.4239019552830905e-14
6.363284771488067e-21
7.653632728019232e-20
1.7774193678525973e-27
2.5713361858450156e-26
8.667950378457375e-25
1.2805359393295787e-14
6.315503297327052e-20
0.9999814033508301
3.57484859705437e-05
9.182171822885721e-08
3.73909194977814e-17
1.2980055306455556e-17
3.170534711399452e-30
1.0667139155180969e-30
1.753504710547152e-27
7.155703898157787e-17
6.779601381053025e-21
4.0222963639050017e-23
6.202618346872853e-20
7.046464970626156e-15
3.1298924161639386e-23
4.128039677067056e-19
1.5735189074504258e-25
4.280548105308397e-25
4.5599671532804343e-29
1.6982288570943638e-06
2.304407706321676e-11
4.51139343002746e-17
8.312652595345721e-15
9.229637081752488e-30
6.101841655451312e-36
2.7796438934873723e-24
4.3043218461716716e-26
1.4533888889837984e-29
3.34295956885678e-21
7.448704219680081e-25
6.622140831620821e-23
0.0
1.2689724989759664e-25
6.415225684008874e-09
1.0217169688075955e-07
1.0994459354565636e-23
5.324504941131879e-18
6.701577515144663e-09
3.840358203888172e-06
2.977243332031323e-26
5.951338269345358e-28
1.0124419925245418e-19
1.482031830691867e-29
4.257466512852257e-28
7.827200963904094e-24
2.8762863949027474e-29
1.7151697203894416e-16
1.6345007292084546e-10
1.1930995075113755e-17
1.5088819950437315e-12
3.9683113075782196e-17
3.2672903172156346e-28
1.9220425623308295e-16
1.0345699988339695e-21
8.42802128447419e-21
1.1984788388836897e-30
3.026165874293608e-29
1.4082273330510798e-21
4.7576103375126975e-23
6.2113191904633614e-24
8.96080355103755e-22
5.040064863969385e-25
1.2296215829635108e-16
3.5672196533470535e-12
5.816990824335027e-17
1.5968613199239832e-16
2.4570824164318003e-24
4.0676914995227496e-16
1.9644238913716924e-27
1.6781941183510557e-17
1.1164030411237036e-06
6.087715127422812e-18
9.041339694013871e-18
1.2663830236115331e-21
7.754230944449722e-19
3.591345993273185e-21
1.384041943169609e-23
1.8981080846891627e-15
1.1212298789615473e-14
4.2163536551065306e-11
3.8490666048338e-17
9.878387330503738e-20
1.504854185890456e-21
3.9473694972408755e-25
7.142540001456129e-22
1.5263638741607952e-14
3.719301366264605e-26
1.8341741798421328e-22
1.8272264231034744e-21
2.7982660633085743e-10
1.0491898505437887e-17
8.076237881255896e-19
3.711269098245983e-24
2.359955666569728e-37
5.2449341113366375e-34
6.222927132313013e-28
1.7625847220028345e-20
1.3362978395584852e-20
2.5366817727976894e-26
2.3817432449807318e-29
8.247759549727361e-26
7.364141500115462e-33
6.604896625590339e-27
2.3904855890340926e-18
1.059478356858109e-24
4.1914400822637445e-30
7.392608364524721e-30
4.348015920954603e-21
6.362358838111955e-22
8.225737634741501e-25
2.680925452508865e-19
7.298752485175497e-26
1.0492848755015951e-19
4.167994663946628e-26
3.209670209722508e-30
1.5818812172687924e-29
4.866645114110535e-23
3.1427087553011385e-21
5.17104487847031e-21
5.309048683279382e-26
1.3999121968786185e-17
3.680469453617589e-21
3.941553989009607e-21
1.286873003089572e-17
4.6639694391474025e-31
1.609795785512662e-25
1.034743674450863e-21
1.6783161527200718e-09
4.088100758386842e-16
5.929782858657306e-22
9.960428137632513e-19
3.441453434577761e-21
9.04934514798216e-18
8.280272219838083e-16
1.2752333807308688e-16
1.5299289060020366e-21
8.004206204906308e-23
1.0398963270815042e-20
9.160103804822397e-18
6.783431238596704e-13
1.327611482821686e-17
3.842389602929272e-18
1.5693403964229815e-18
1.1717344666839394e-23
3.6752174599234894e-16
7.760796561314891e-20
1.7080709066650927e-14
1.124142678861983e-28
1.5527090032897284e-25
3.8727271498282964e-21
2.043624435472356e-31
5.1575766042692595e-26
8.897341900023054e-23
4.493500891338117e-15
1.91180166315974e-12
7.442294901822879e-15
1.9034724907385225e-09
0.008880374021828175
2.2776036701088742e-07
4.9937691809117394e-18
4.715136972272688e-14
1.2330753280422047e-14
3.137313542636577e-13
3.806585917295527e-19
1.5263706245605135e-06
1.0702994823697683e-25
1.734709560219877e-27
9.251525300337909e-23
2.339191562214977e-27
7.997036651129966e-30
3.8922262957250835e-24
2.715822548191252e-17
2.8539309393688206e-17
5.307501671231868e-14
1.2467325129017878e-18
2.537263732449446e-10
3.1813734979735386e-10
2.701598666998706e-10
1.1713140848057909e-16
1.579655718728391e-22
2.6117876865435462e-27
9.328900353680557e-28
1.4702304976343246e-20
8.041908472478099e-09
3.628674418756728e-31
1.2906211766830648e-29
3.148246004681004e-25
2.437626345495882e-24
2.3075190674879607e-32
8.584751815713815e-20
3.1552523181016534e-12
9.849877125956211e-14
8.488596929190624e-18
1.1346208261125978e-12
2.4139998523071375e-18
2.3457983558528035e-17
4.5806884791081645e-25
2.673748783292314e-24
4.7871097241680324e-20
3.7265901627579756e-13
2.5615701457903798e-15
9.79950195188916e-26
4.7692083724896485e-21
4.195425628774049e-29
1.7728755213348045e-27
4.905019966583435e-12
2.1595683354932684e-16
5.95581673265544e-19
5.070256555901775e-20
2.5595760714138655e-16
1.033953742834656e-15
4.235249439566227e-17
1.60088858836005e-10
3.953130716923079e-15
6.027448902224603e-26
1.1354210061832997e-21
4.845076423398709e-11
4.82941188125266e-14
8.11060434057533e-18
1.5898639821470887e-25
1.4010804235548013e-12
8.060057153139562e-17
0.000553685415070504
1.1160856960845678e-10
2.028115739585723e-12
3.9489668617730545e-17
1.7100265512229645e-18
1.0454845877916341e-09
3.8656641776491085e-10
3.0182098428199093e-15
4.4666290251963586e-14
7.249805817526392e-14
6.756181031297714e-11
6.303398341483968e-12
1.2314754749604829e-24
2.7323614482099856e-09
8.608986268957058e-20
3.7293083749961245e-23
1.6664016911439778e-21
7.726316256416892e-22
4.837892784740409e-18
2.42004532721301e-28
9.195782140521412e-25
2.4343663376617548e-15
2.180228924914679e-16
4.855232248138322e-19
8.907849855446735e-20
