4.4097432725023496e-18
4.4955472990538433e-20
1.8507061389037155e-13
1.397615340516592e-13
6.955045101675694e-17
1.2025705549191063e-19
1.1749895354644727e-14
1.8242822175003468e-19
4.5666896784948054e-20
6.0345963963750955e-21
2.930173345345514e-23
3.833851858236806e-19
4.2709288495847424e-16
5.012537693943608e-15
3.622374475090587e-20
3.818330082048767e-15
2.5732799951213442e-14
1.1933597556315623e-12
3.6256578268774363e-16
2.234604713183437e-14
1.4898356630137482e-16
3.1165957401629862e-12
5.167666484277313e-16
1.3203973504849476e-12
1.0269748191793655e-18
5.5009792429778007e-14
3.5755100353286335e-17
4.6442135483463695e-14
3.119152241451862e-16
2.421083082279618e-14
5.678849859976076e-13
3.231722683886574e-23
1.6327736375332138e-15
7.075609680275282e-15
2.4158804060707462e-17
5.013316368685041e-17
8.935732718028614e-18
1.7511682236010553e-16
1.9837108374147094e-18
1.6345152235063475e-19
4.250862427099256e-20
1.5087470642586053e-19
3.8708049040615518e-22
3.2147874062602826e-18
8.807223818605799e-21
3.6576115210021007e-22
2.5984446266532423e-17
1.9146213625727997e-17
1.4807961143725556e-19
3.8678330168269133e-17
2.93121045353271e-17
1.1187222975673854e-21
3.8754285730231795e-15
1.2801701931499323e-17
3.428286884112676e-20
1.0799242270019275e-19
1.3830518003023443e-20
6.025185803268563e-22
8.589474988644055e-26
1.4235549130612985e-22
4.339801532795811e-19
5.44286559621222e-22
1.5152323577503923e-16
1.3220471215591031e-17
1.4280186360403128e-17
2.1240819397988863e-19
7.229643753316555e-18
4.442922314052464e-18
1.2809119260052086e-18
3.670761801923136e-16
5.820073395605767e-18
5.087524313080337e-18
4.26856034404574e-19
2.1907909956330215e-17
4.714659417082259e-18
5.025128669297954e-14
1.4012568422470904e-27
2.9194028638788215e-18
1.9264535171086006e-13
4.422624138694548e-21
4.792059236911426e-21
3.509175196003617e-18
4.69530212735938e-22
2.0863647994581042e-13
1.6694319388788887e-19
2.2635350784982824e-17
4.1764724751811e-21
3.612665823828335e-24
1.8448439629744603e-18
9.845517240912412e-18
3.1560027406944054e-17
2.941849495475002e-19
3.7467038642982e-16
2.12164314639679e-20
2.514072369608956e-18
4.473587967311336e-17
7.978893198819124e-18
1.3434650816852702e-18
6.850707894459615e-20
7.318238002245858e-19
1.370439619304456e-16
3.9356817336746906e-20
6.200468840502951e-19
8.240493203442082e-19
4.9337888522862406e-23
1.011398743288702e-21
2.4907156957569565e-13
3.871794451181061e-22
8.210598068923803e-17
2.779361997198335e-21
4.96940757876487e-25
2.2571574844715494e-22
4.935043493323537e-18
1.3250289577408707e-20
1.832115886734923e-17
1.6368225947815257e-13
2.825971374396691e-16
1.880298495671647e-17
2.7383901521247407e-22
6.901364305925391e-18
1.4012966325262363e-16
4.974088796380301e-19
1.9479025829005495e-20
2.8907390091088573e-22
1.6497991301573693e-20
9.206630729045035e-17
7.941986435526797e-21
1.4801409614780195e-19
4.6648853876102264e-20
9.95311824495207e-15
1.7787414011353278e-20
6.769164688168078e-20
7.43965184139009e-16
3.0503335219529926e-20
1.3670771632016526e-16
7.254659224193381e-22
1.398420880707065e-20
1.462563518217875e-17
3.880437429564874e-18
1.0709546619199144e-22
2.793876137972368e-18
5.463920937483067e-21
6.271000566781393e-18
1.751218258722333e-20
2.0150318859237654e-13
3.9842472522717834e-20
1.076676218574701e-16
1.497347966117999e-20
3.0519761863272492e-19
2.40004007336439e-13
7.746997475670273e-24
9.39792071247323e-18
1.8811100922014594e-16
9.769781428303759e-09
7.50953390183523e-13
4.1867230600012864e-24
2.4954029389178366e-14
6.305883021366938e-17
3.3857249519286135e-19
3.74967253073064e-19
1.6514214913834909e-15
1.5688614588483133e-18
3.904150273434145e-25
1.869671918100415e-15
1.5634375321742265e-17
3.5756619718635473e-16
3.0465423851846e-20
6.784321233055043e-14
1.4669177043181254e-15
3.277311397361403e-22
6.589839757860025e-14
9.556210125516787e-14
4.317759134025228e-18
1.1208689383703875e-17
6.012324033510157e-16
7.44935615890044e-18
5.319082048433558e-19
1.2975254551350623e-13
1.8046839504970392e-15
5.757122209515408e-13
1.4858138319955722e-13
1.8988032869806217e-15
1.07824926380969e-18
1.2760399731488476e-14
2.9840601182367994e-22
3.9553653592445254e-14
3.0812260765407547e-16
4.886800174499731e-20
2.468812101367318e-13
5.4263107895913265e-11
2.3750374930631146e-11
6.519904231112237e-21
2.8482132949212867e-15
8.79005661686292e-17
5.099070579835108e-16
7.900413830086439e-12
3.3602029578944093e-12
1.796379851240395e-15
9.714596521930289e-20
1.6340688303189045e-16
5.757520762234014e-12
4.1633174685529184e-10
1.1510991465568665e-10
3.3308862584171015e-17
9.765806808364352e-18
6.310557663853937e-15
3.455421356896504e-15
1.1033316323289313e-13
1.9431201307020427e-23
3.1345393890321244e-16
1.1955436677323718e-21
4.517886444729141e-13
3.330308576653118e-13
5.646005974275416e-17
2.2197379297064085e-13
1.8957631908733674e-08
2.5859370602213994e-16
4.1625245459676885e-13
2.8803352931927595e-12
1.7062370168068161e-15
1.134300098293295e-09
6.835591663013896e-13
4.937141173726135e-15
2.8268042407179027e-14
4.556863445067359e-14
5.447511413148006e-17
4.294929263447397e-16
8.173439003519509e-14
8.174403954040933e-18
6.687304789781967e-12
8.218243203017263e-17
3.2844930727559014e-16
6.1753074875881e-11
2.1629546723003564e-18
5.243984788099636e-15
3.449426442280499e-24
9.273917189744907e-10
4.38247371264589e-19
3.1742210720780636e-14
2.659231606968896e-18
1.1766382824493252e-17
5.354158125320986e-19
1.8772377515315018e-25
8.45199703258646e-16
1.6707789735551098e-16
1.395285213229793e-16
6.847240637675128e-18
9.012257606855201e-11
2.7694937454469937e-09
1.1602687560730018e-10
1.7931484205466197e-15
3.887323010230736e-20
2.9345212512136426e-14
6.327441326448024e-08
5.963373470092739e-16
8.774912594208299e-17
4.002202625144957e-22
4.322333740080679e-21
1.0159273148043597e-20
2.8608855430869214e-17
9.237557093089372e-16
8.093954617595291e-16
8.726992145949557e-21
3.574516359802386e-16
1.5969745361344234e-19
2.7917819098166596e-11
1.0882310186668422e-21
1.8252877508062593e-12
4.623795735942312e-22
2.5395283098639254e-11
1.4209309727106212e-12
4.5780657043081874e-11
3.8786197018893243e-13
5.345307529935894e-13
9.070485248313664e-13
7.407647892618169e-17
3.7247028217279876e-07
7.207973231953754e-14
1.2241418621299267e-15
4.119228069754399e-09
4.32257357334447e-17
2.2061660204290426e-22
1.762430587755326e-12
1.728555449817537e-13
5.75027374484895e-17
7.843762790195644e-16
5.579455475412942e-08
4.341793580480563e-13
1.6334350538826925e-10
1.220704311262393e-16
3.22631156545513e-14
4.708394420605954e-15
5.0276418134054796e-17
3.1951038164039708e-18
9.586619794169342e-15
1.879840469222864e-16
1.8129960965666825e-14
5.79591132032764e-11
5.918132650606367e-11
3.2540291939947216e-14
5.1905670222705786e-30
6.589878254698886e-25
1.3247777274792019e-18
3.283866425731156e-31
5.516630527955371e-23
1.2728846551482643e-18
8.132291361875245e-18
3.154211735694454e-23
2.1009757479864685e-21
2.476850293884971e-27
2.4909605040667275e-26
1.1539959668197405e-22
3.4782776278119576e-28
1.1051461340404234e-26
4.5546717848242173e-26
1.3744534633587594e-26
8.0427210033950125e-28
2.083703707886414e-21
3.546742611245188e-22
4.161562242821649e-25
6.456273285857456e-28
2.6720564794353887e-24
1.8885863784697211e-25
4.630830943434341e-25
9.630645788829292e-29
2.069130732065199e-27
1.0096516581472604e-30
1.670733835978691e-24
4.948569139533079e-22
3.043241902228771e-21
1.8477578294668005e-20
1.8541008309599188e-25
3.1947178499113805e-23
2.5431380645152983e-31
3.082088089018044e-21
6.4966063981015616e-24
9.246160206505839e-31
2.9928266979220843e-22
2.2596022648195112e-16
3.1742535787665324e-20
6.649584482098119e-22
5.8003072760555624e-24
1.473988030190332e-19
1.256400496503731e-18
1.4248698495269933e-22
2.690613201607701e-22
5.0611252807712964e-24
1.1833509788516461e-15
7.561455244602258e-30
3.716847885589851e-26
2.8267980047931517e-26
1.2089709102209057e-23
6.383604440011367e-23
4.061814943753377e-16
5.3309736158661285e-31
3.7287369719979564e-17
6.588742767144397e-19
9.835985166381919e-25
1.7904862247462813e-26
2.686581617511042e-23
6.16503897449208e-28
3.9655147870359174e-23
8.955699865398909e-17
9.384450076197804e-18
1.3228004622867674e-22
1.2466697641449156e-27
2.115920285247363e-28
1.0198373587858067e-20
1.9266177120259698e-29
1.934752084909227e-18
3.858392146163463e-22
6.505672714855508e-27
2.227544867689583e-29
7.002676105616846e-31
9.431919221342122e-13
6.838533960729593e-22
1.4450155122477795e-19
2.123622110096368e-17
1.2149054980628912e-18
2.4739854715880623e-30
1.7527095102704011e-19
3.6309833314663385e-18
7.360867922375482e-22
1.5926312815507007e-26
1.4542055675396537e-27
9.397057165519675e-26
2.751628909237291e-20
3.2791856046544635e-23
2.165709666910905e-28
2.7642791193468533e-17
1.7699675916976187e-22
6.236016390144696e-22
3.302412774660693e-21
7.036402770374255e-27
1.943676335581826e-30
2.4470043501297965e-27
2.1330046013571765e-20
3.717688059431766e-24
7.658013554091495e-20
3.0426834644385213e-22
3.333410560322551e-20
1.61721380111083e-16
2.518959581153592e-25
2.4933085978549244e-26
8.059383238694173e-24
8.116068600879542e-29
2.4125712264330805e-27
2.260079576725782e-21
9.308138225056344e-21
8.940726851673058e-22
2.8158374724795083e-29
2.0532364356009385e-23
5.4532138376454266e-30
8.837651948244246e-20
7.733683712400677e-23
3.858598385958524e-22
3.320751947928007e-23
1.5947528859774377e-26
2.1702885633507185e-23
1.9257713439022412e-23
5.707806161214542e-26
2.6132565624972512e-24
6.1254357046490345e-31
5.0032682498301244e-24
1.1168594246278114e-20
8.69492516472249e-21
1.9374189639146812e-25
1.3285185797228298e-24
2.6708483505146224e-28
4.3639469732464285e-23
4.2389998764635426e-17
1.4192003693100423e-23
1.2980208226965328e-24
7.241809874067196e-20
6.054100269126427e-22
1.32383839123167e-25
5.977433288506923e-21
4.804970996360799e-18
8.04636608712494e-22
1.448846436357803e-26
8.436386861817597e-28
2.4697402813017504e-24
1.7326823171445393e-31
4.805094440142525e-20
2.580690807806986e-19
1.114916895144752e-30
2.691289854937763e-23
2.5052908069685913e-20
6.294929858935908e-30
8.057661155338076e-24
1.0374301875952474e-23
7.009086465455008e-17
7.009086465455008e-17
8.877254374282195e-27
5.273909367294378e-25
3.9633242780742997e-22
2.1206813227524983e-19
1.4789581717842269e-16
2.298155145807128e-24
1.2251212003689276e-25
4.428764646680072e-12
4.2731059600056605e-19
5.9743103585771085e-21
7.799732372800417e-21
4.813531197714426e-21
1.972661455727454e-20
9.786584261862704e-17
2.8831132096352014e-18
7.815048365011917e-19
1.7751322415167576e-16
8.725541161295214e-18
5.371610809065243e-18
4.410349182301045e-18
1.29960195633039e-23
6.351889550756582e-20
5.4353680708834826e-17
5.880950424870855e-20
2.437166505852454e-20
3.6817024735550904e-30
1.4974235562088196e-18
1.336561832482883e-14
9.786584261862704e-17
3.540296671016446e-21
1.1968141274881673e-18
8.364581837922024e-26
2.619303427854803e-25
1.5432437500215862e-13
2.4074773457690494e-20
2.4074773457690494e-20
5.416678695820248e-24
3.7081653830745535e-19
2.5671565961583573e-22
8.751506402278868e-26
2.1206237109153037e-20
2.1206237109153037e-20
1.8097247676820155e-21
5.062167760457546e-24
8.255912550442336e-26
3.0702062139987854e-25
7.79152890601065e-20
5.2747417544907194e-11
8.105027760052508e-09
2.6711202139040324e-08
7.622662678841152e-08
3.695322867147688e-11
1.5351858239504024e-12
6.555085008130845e-08
7.933264045689725e-10
8.185077615685543e-10
9.386889266388101e-17
1.6585478590513958e-07
3.879214091284666e-06
0.00011938538955291733
1.0095719815694792e-09
2.347205112565587e-12
3.202661247314609e-08
1.1574296208960444e-12
4.9073317853753906e-08
1.2255142376165623e-13
5.768078237267105e-10
1.1689331280706483e-08
9.105139385512384e-12
3.024151068453662e-11
1.4474977206441197e-12
3.1618536677768816e-09
1.1702875647723321e-11
1.1580137543321101e-10
4.1603463729611434e-11
6.101090832544287e-08
1.3606202831084602e-09
1.74821526144342e-08
2.126860632056804e-10
3.8581445438619355e-13
4.23282216388543e-07
1.525648504014862e-13
2.192429309554244e-17
4.105446649305122e-09
2.582453868804624e-11
2.0288506376527386e-16
7.299676999878357e-17
1.5407908781316093e-13
2.743008186041618e-13
0.003602389246225357
4.0326579976214494e-20
9.288715765521163e-14
2.2073274408285215e-07
1.8326055191593416e-13
1.0767959281529496e-15
1.3907031951190656e-18
4.153222362378306e-13
1.211975934525958e-17
3.2403530746251815e-22
3.91748706228285e-14
1.2483363127119515e-18
6.4611568785005695e-19
1.9808192821806883e-21
4.136051293530908e-17
1.4174159553861053e-14
5.005761864046443e-12
1.5530301442304314e-16
1.9872847487994272e-19
1.9451388267558052e-14
4.801948362597244e-14
1.7145192600723225e-12
2.256071196220645e-16
3.148056446683527e-16
4.5601342204415344e-17
1.633324600412154e-19
4.854876091954656e-21
3.79977127253707e-17
4.456128252531873e-18
4.83799257911823e-15
6.8904059263581296e-15
1.0251444943040929e-15
8.39252790815092e-16
7.013637149964132e-16
2.856859737763687e-18
1.4772733114809734e-22
1.2641961655572749e-14
5.298042192565389e-19
8.358841025943795e-26
4.925474091088677e-13
1.3890609769053519e-16
1.5772461544479418e-16
1.3079626544034361e-15
8.696614663215169e-14
4.246898127824444e-17
3.3478275896945894e-14
3.772783294654647e-21
4.1637663832050457e-19
4.248851492860695e-09
3.0620664559716584e-17
1.3769248476557699e-19
1.8251900358149146e-16
3.781263225709902e-13
4.462310733716033e-22
1.0260580962655036e-19
3.7187654756791477e-13
4.268366428928313e-26
4.3874569775892436e-12
