0.9999997615814209
0.9992750287055969
0.9992201328277588
0.9986541271209717
0.9999793767929077
0.06250783801078796
0.9955697655677795
0.9999926090240479
1.0
1.0
0.9999849796295166
1.0
0.9999997615814209
0.9978245496749878
0.9999678134918213
0.999998927116394
0.9973254203796387
0.9976134300231934
0.9992437362670898
0.9997695088386536
0.9999997615814209
1.0
0.9997945427894592
0.9985358715057373
0.9994356036186218
0.968864381313324
0.9843734502792358
0.9999866485595703
0.999053418636322
0.9999923706054688
0.9999984502792358
1.0
0.9999992847442627
0.9999725818634033
0.999903678894043
0.9999884366989136
0.9997838139533997
0.9999873638153076
0.9847798943519592
0.9999496936798096
0.9999979734420776
1.0
0.9999977350234985
1.0
0.999997615814209
0.9999873638153076
0.9985968470573425
0.9975872039794922
0.9810211658477783
1.0
0.9999966621398926
0.9993419051170349
0.9999829530715942
0.9838475584983826
4.8147066991077736e-05
0.9994868040084839
0.9999904632568359
0.025956543162465096
0.9986541271209717
0.9925742149353027
0.998753547668457
0.9999555349349976
0.9927788376808167
0.9999988079071045
0.996384859085083
0.14469264447689056
0.9999985694885254
0.9580681324005127
0.9999997615814209
0.9961724877357483
0.9962789416313171
1.0
0.02572973631322384
0.005322874058037996
0.1742095649242401
0.9990144968032837
0.999993085861206
1.0
0.9997887015342712
0.2190971076488495
1.0
0.05508565902709961
0.08237917721271515
0.9999985694885254
1.0
0.9999837875366211
0.00012724647240247577
0.002834227168932557
0.865729570388794
0.9998655319213867
0.9989627599716187
0.08896393328905106
0.9900471568107605
0.9999982118606567
0.9999991655349731
0.9994818568229675
0.9999836683273315
0.9999721050262451
0.9999943971633911
0.016974467784166336
0.025664670392870903
0.9985635876655579
0.9142171740531921
0.9999939203262329
0.9999637603759766
0.9991432428359985
0.9999996423721313
0.9999997615814209
0.999997615814209
1.0
0.9999974966049194
0.9971586465835571
0.9997946619987488
0.9999845027923584
0.9999996423721313
0.9984159469604492
0.006210322957485914
0.2662832736968994
0.9650074243545532
0.9998387098312378
1.609837909199996e-06
0.8780300617218018
0.022692257538437843
0.0005356472684070468
0.015017786994576454
0.3079560697078705
0.9999780654907227
0.9996016621589661
0.998473584651947
0.9999994039535522
0.9999351501464844
0.0008978837286122143
0.003276313189417124
0.9997227787971497
0.9991181492805481
1.0
0.9999998807907104
0.9997677206993103
0.9999971389770508
0.9991459846496582
0.9999351501464844
0.9564155340194702
0.9386868476867676
0.9999927282333374
0.9999394416809082
0.9999998807907104
1.0
0.9999997615814209
0.9996809959411621
0.9970882534980774
0.9999988079071045
0.9999833106994629
0.9999343156814575
0.38980478048324585
1.0
0.9999973773956299
0.9999576807022095
0.999997615814209
0.9723901748657227
0.9487045407295227
0.999980092048645
0.9989758729934692
0.9326930642127991
0.9967599511146545
0.9999406337738037
1.6867650629137643e-05
0.9999884366989136
0.8658149838447571
0.43847182393074036
0.12452621757984161
0.998760461807251
0.9999998807907104
1.0
8.966397069265497e-10
0.8721804618835449
0.8554691076278687
0.9999452829360962
0.9999960660934448
0.999991774559021
0.016099799424409866
0.9999324083328247
0.9997329115867615
0.9999997615814209
0.005930040031671524
0.9999992847442627
0.9555065631866455
0.9999598264694214
0.4845133423805237
1.0
0.999997615814209
1.0
0.010505009442567825
0.025646870955824852
0.9993674159049988
0.7507854700088501
0.9999994039535522
0.9999995231628418
0.998609185218811
0.999967098236084
0.9959520101547241
0.9951144456863403
0.9991052746772766
0.9159277081489563
0.9999978542327881
0.09056137502193451
0.9992953538894653
0.996889054775238
0.7525460124015808
0.8177292346954346
4.146303399465978e-05
0.0014487524749711156
0.46587300300598145
0.14172841608524323
0.7335864901542664
0.7711327075958252
0.9392759799957275
0.8306580781936646
0.9115924835205078
0.9999998807907104
1.0
0.9999961853027344
0.9999988079071045
0.9999992847442627
0.9999618530273438
0.9992399215698242
0.9746083617210388
0.9928972721099854
0.9646691083908081
0.9998451471328735
0.9911195635795593
0.04653840512037277
0.9977899789810181
0.22475381195545197
0.9999998807907104
1.0
0.9992734789848328
0.9830338358879089
0.9999986886978149
0.9999616146087646
1.0
0.9999997615814209
0.9999998807907104
0.057956594973802567
0.9827186465263367
0.16108299791812897
0.08720149099826813
0.5374552607536316
0.9446231722831726
0.7826382517814636
0.9491376876831055
0.8230626583099365
0.9336672425270081
0.10475575923919678
0.9999269247055054
0.05954208970069885
0.021135177463293076
0.9998418092727661
0.9999479055404663
0.8824234008789062
0.9916175007820129
0.9176149964332581
0.9972516894340515
0.6087036728858948
0.9799003005027771
0.9996323585510254
0.9994007349014282
0.9582636952400208
0.9999969005584717
0.9882522225379944
0.013115505687892437
0.9995075464248657
0.9999116659164429
0.997130811214447
0.8195412755012512
0.9998968839645386
0.002302718348801136
0.12271144241094589
0.9999712705612183
0.00018206446839030832
0.6793507933616638
4.828579562854429e-07
2.027964910666924e-06
4.380354994282243e-07
0.0007117409259080887
0.9937868118286133
0.32329902052879333
0.9848453998565674
0.9852797985076904
0.49397724866867065
0.8983919620513916
0.9999996423721313
0.9999852180480957
0.9995788931846619
0.9997609257698059
0.921923041343689
0.9314632415771484
0.8509438633918762
0.799379289150238
0.9999945163726807
0.9996205568313599
