2.566672846929753e-25
1.3932948822270183e-25
2.742977762735735e-16
5.741272617777858e-22
1.0564678653377855e-16
1.5291524760297458e-14
2.465426032881077e-19
2.494786521278384e-16
1.8116521226127242e-28
0.0
1.1150709696705922e-21
1.510717513521468e-33
1.2932053015833841e-34
4.999362694151684e-22
1.1814697991152719e-23
2.0888159925287724e-33
2.280968670914001e-15
1.7127768523134482e-16
1.0548081090648895e-32
5.123523971505328e-30
1.6215713834158322e-28
7.249275957408451e-34
3.9510280245781126e-26
9.272703067772536e-20
4.2658180115996876e-15
1.6205204907646867e-20
6.750323078286158e-10
2.2870647042871894e-10
1.2722270543367824e-14
1.502918020709642e-17
1.3218830912404822e-36
1.6511397043695233e-28
3.4461182088593365e-28
2.6335470082797804e-35
2.6500624506632693e-29
1.993671063507157e-26
1.0126000387203658e-27
1.0617729362946479e-23
9.104357892586457e-12
4.38616098079309e-23
1.094873432368193e-12
1.789690408539454e-15
7.528285124096359e-26
1.7816978212240535e-25
1.9530441491092916e-27
4.601031229701551e-28
1.7684400194889585e-17
1.819598617474495e-18
1.0538870783702323e-17
2.0824512416320467e-33
1.841146379041509e-25
7.498346309534076e-23
1.3366975655422135e-17
1.3160586234374336e-18
0.9999995231628418
8.112907567969785e-11
1.1623082704637078e-11
2.1336444421562973e-15
8.834878631370206e-22
1.4636663891460756e-35
1.7065896077099533e-36
3.8369700487693996e-33
3.220890479809577e-24
6.1197631450701584e-30
3.3201685124709904e-31
1.1982917057164763e-22
1.155610606815676e-18
4.414707522417797e-26
2.3417444367285e-20
1.182068449916055e-32
1.5814174292640597e-28
1.2769150333988063e-35
1.305240360238713e-09
8.066125350113251e-15
4.159123623981168e-15
7.326191666952982e-21
1.0182950321093422e-33
0.0
3.329531212496648e-22
5.4298336416681e-25
1.0960799085033335e-29
3.6471147386098513e-25
5.737153754110646e-23
5.572246577628133e-26
5.955285297316009e-37
1.5821898475423805e-28
5.805639375466853e-06
6.19344020513779e-10
2.198726211355626e-26
7.337298828498494e-20
4.899993781494645e-14
7.221699434012407e-07
5.075258512749236e-24
2.9486010559727914e-27
1.4616451565332037e-22
2.959062995567878e-31
7.890191925883161e-30
1.0060555746949424e-25
4.8989891550957785e-27
1.2440608710296425e-13
2.9448917970853472e-08
2.1899573100721314e-15
1.2289975703794198e-09
2.146340223015823e-21
4.498896795189184e-33
2.236884841174151e-15
1.3152342184035766e-20
7.524231307177821e-20
3.0336034139548622e-33
4.787773341413864e-25
3.597109277236199e-26
2.1024493231123635e-30
6.727474540377476e-31
1.0028630471607217e-19
2.6890237125116693e-29
2.9279557046174667e-19
2.0060408344765683e-15
1.353706921837172e-19
9.005746939436327e-18
6.426106539951445e-26
2.5538594262005116e-17
4.3387199323878744e-29
1.8213727975076959e-22
8.451723942926037e-08
7.763297708554855e-24
3.635945174370738e-18
4.0832452619578955e-20
1.1694032314163444e-16
1.9783404035374452e-23
2.417953568839988e-18
3.3455450900116233e-16
2.90965531790966e-16
1.6035991978746722e-10
8.664981349591186e-16
1.318035363765998e-22
1.1886690092433284e-19
3.48539619292929e-21
5.882384681028948e-28
5.855874493068924e-21
1.7121718224540472e-28
1.594375711857129e-26
5.858582594328752e-27
5.588462093260305e-13
1.8910466334874985e-23
1.4833939254724022e-23
9.453135353638173e-28
0.0
8.807050089650855e-37
2.1218697572096302e-35
6.622573379832372e-22
6.739838954410443e-21
1.7861524490371726e-28
3.910737462071283e-33
3.7651160336615545e-23
3.238071840072768e-34
6.719113484158947e-31
1.632758679626197e-18
3.8538884445922475e-23
3.896034101314531e-29
7.521191692999588e-27
6.436374438296349e-22
4.99797925793536e-26
8.841367520144857e-26
2.160521934118838e-18
2.4229415025299665e-24
7.745244144082216e-19
2.913050084017754e-26
3.419589149802634e-27
3.1449185045449096e-34
9.429950200077062e-26
1.2089951471833577e-21
4.352615335966082e-20
7.735144020893543e-27
5.835832633840974e-19
1.7318096166283912e-24
8.745407447449669e-24
8.190443606503795e-19
2.7295192343622083e-34
5.186291984415508e-30
4.211468541914325e-25
5.384956022758125e-11
1.7901342538038153e-15
1.8534177158729666e-22
4.736064400489449e-22
2.4656974515195712e-20
1.3207453253905825e-19
4.192897453390333e-14
6.410453049552413e-21
1.775201210487217e-22
2.0378585956847263e-21
2.0684099542318112e-22
6.565394196419853e-16
3.4912721602609054e-09
3.115211559217514e-19
5.024762811283489e-18
7.39518402303616e-20
6.008266945662107e-23
6.702448891845927e-16
1.0494453896724269e-26
6.223060536831107e-16
1.3716865472152063e-28
6.261103339375244e-26
1.528691265283279e-22
6.561913684228002e-31
3.522705364955071e-27
9.653174540206001e-25
7.51482556737848e-12
6.214733673564005e-16
1.1407084180231966e-14
0.000703236204572022
0.005447675008326769
1.4543077853090836e-09
5.587232806520053e-18
8.163035183702004e-17
1.9315104054476624e-15
7.611557868367202e-13
1.6638354319559852e-21
1.568671947893563e-08
5.157230232702109e-23
5.097756006860727e-28
2.2828557801960455e-24
5.875801376638919e-32
4.1956695839126924e-27
1.1108134140133762e-27
2.8771723984758455e-16
7.075707343174101e-14
4.504138460485329e-16
7.659080490936645e-16
1.5249330687083784e-09
5.791543571831426e-06
1.4689829352931838e-09
1.6529358719437337e-13
5.104974634836204e-21
2.6997219524261866e-30
3.968202389301389e-26
8.594826522417461e-24
4.1604852896171e-09
1.1021993393126408e-33
4.120270064789325e-33
3.632896260350341e-25
3.9024727258598606e-30
4.139170165761187e-35
8.584958266923599e-25
1.2969410267960058e-10
1.6943595415597201e-09
1.4194822710851085e-15
6.80716926918087e-15
2.0208956747890406e-15
1.1138391491044844e-19
7.716635063756004e-27
2.4365559105513036e-25
3.738731516165978e-19
2.5243046519473737e-20
7.418635885871745e-20
2.767831345462661e-27
4.018558526365898e-21
2.6809963642810904e-27
3.334659568152244e-26
1.897768678587198e-14
1.8892396447166277e-20
1.2696534970363503e-20
6.1370818572557276e-24
6.581733445428776e-19
2.385341394163656e-16
1.203678284635597e-24
9.000117318080925e-10
2.2488334111558927e-11
1.4104102576420282e-28
3.9029910916377294e-24
2.4177557178539644e-10
8.011330449942192e-14
3.7863801178629475e-13
1.5503762244964492e-26
5.976112616920548e-13
1.3768264958809373e-17
4.120063223922443e-08
1.091901525793193e-12
2.3063326422267938e-12
1.2966191552594014e-18
8.771582350844994e-21
1.2433042684278917e-07
1.464554255647954e-09
4.858392097103429e-15
8.481804122000339e-17
4.7191299479276694e-11
1.05581163979679e-15
2.1758463086829494e-12
1.725881405811746e-23
1.545840885852634e-11
4.405840013986865e-19
1.338720735583184e-21
8.850868905027909e-22
1.2190935755427931e-17
2.187468144937947e-16
1.4800729252157131e-27
2.877609028736503e-25
4.4936038058412085e-15
1.3864617768973632e-16
1.2688359937907293e-19
5.873766792410648e-23
