0.9988717436790466
0.28056296706199646
0.9998966455459595
0.9997987151145935
0.9999985694885254
1.0
0.9999985694885254
1.0
1.0
0.9999998807907104
1.0
1.0
0.9999313354492188
0.9725309014320374
0.0695723444223404
0.4941418766975403
5.041189865551132e-07
1.1997862259249814e-07
2.8224363290973997e-07
0.0001484579115640372
0.9894737601280212
3.7698482628911734e-05
0.00624447176232934
0.9991318583488464
0.94554203748703
0.04158211871981621
0.1409749537706375
0.00018051340884994715
5.737429455621168e-05
1.673460064921528e-05
0.9974145889282227
0.9996949434280396
0.9997897744178772
0.9999998807907104
0.999812662601471
0.9945336580276489
0.9999998807907104
0.9889044165611267
0.9993682503700256
0.993922233581543
0.5779128074645996
0.9327828884124756
0.9996389150619507
0.999833345413208
1.280759897781536e-05
0.9999924898147583
0.9999690055847168
0.01091695111244917
0.998094379901886
0.3013809025287628
0.27774694561958313
0.99173903465271
0.11210232228040695
0.9997815489768982
0.015755459666252136
0.0007605557329952717
0.9998984336853027
0.9952605366706848
0.9999872446060181
0.9999988079071045
0.9999992847442627
0.014647006057202816
0.16834597289562225
0.6267150044441223
0.000726466765627265
0.99998939037323
0.9998716115951538
0.9537661671638489
0.9982194304466248
0.9966809153556824
0.9991227984428406
0.999992847442627
0.9984184503555298
0.9990274906158447
0.013010689057409763
0.04118134826421738
1.696975050435867e-05
0.0013863655040040612
0.95307457447052
0.9940401911735535
0.9685683846473694
0.9999692440032959
0.9986836314201355
0.9769874811172485
0.6140909790992737
0.999987006187439
0.9999982118606567
0.999984860420227
0.9999980926513672
0.9999443292617798
0.9999842643737793
0.9724572896957397
0.716215968132019
0.998076319694519
0.9263709187507629
0.9999985694885254
0.9904533624649048
0.9875475168228149
0.04869082570075989
0.9890393018722534
0.003269215812906623
0.04860358312726021
6.89563894411549e-05
0.0003607619437389076
0.0001151687974925153
0.7955160140991211
0.9999949932098389
0.9216083288192749
0.9962540864944458
0.04046371579170227
0.9325831532478333
0.9995471835136414
1.0
1.0
0.004851191304624081
0.9999775886535645
0.9573206901550293
0.2031940072774887
0.9992641806602478
0.004697049967944622
0.9510492086410522
0.9999994039535522
0.9999750852584839
0.0007573639741167426
0.03398866578936577
0.9950602650642395
0.9973334074020386
0.015495840460062027
0.9999608993530273
0.999983549118042
0.9999996423721313
0.9999983310699463
0.9999983310699463
0.9999997615814209
0.9987241625785828
0.9999580383300781
1.0
0.9979707598686218
0.999833345413208
1.0
0.9999955892562866
1.0
0.9998867511749268
1.0
0.004597087390720844
0.999980092048645
0.9911206364631653
0.9984707236289978
0.9574582576751709
1.0
0.9960029721260071
0.5317707657814026
0.9995983242988586
0.9782713055610657
0.9993945360183716
0.9106952548027039
0.9804670214653015
0.9984534978866577
1.0
1.0
0.8696824312210083
0.9999516010284424
0.9999982118606567
0.23762468993663788
0.8219249248504639
0.9990991353988647
0.5534945130348206
0.41525304317474365
0.9988265633583069
0.9999974966049194
0.9997602105140686
0.9999927282333374
0.9987911581993103
0.5340495705604553
0.9346105456352234
0.9845376014709473
0.9593126773834229
0.9998297691345215
0.9990205764770508
0.9994016885757446
0.9999712705612183
1.0
0.9999905824661255
0.999962568283081
0.996630847454071
0.9999287128448486
0.9416370987892151
0.999950647354126
0.9963918328285217
0.9999992847442627
0.9979254007339478
0.9999997615814209
1.0
0.9999953508377075
0.9999935626983643
0.9998757839202881
0.8898727297782898
0.05047505348920822
0.5882540941238403
0.9999938011169434
0.9998728036880493
0.6368541121482849
0.9923173189163208
0.4928429126739502
7.63984486784608e-10
0.8396536111831665
0.9997895359992981
6.262125680223107e-06
0.9777512550354004
0.9995881915092468
0.9905068874359131
0.9987251162528992
0.9999421834945679
0.9999837875366211
0.9999873638153076
0.8183154463768005
0.999683141708374
0.9951339364051819
0.9999977350234985
0.9922230839729309
0.9942574501037598
1.0
0.0042419517412781715
0.00010270420898450539
0.09197007864713669
0.9786670207977295
1.0
1.0
0.9980921149253845
0.996834933757782
1.0
0.018774356693029404
0.8695549368858337
1.0
0.9999998807907104
0.9999969005584717
1.582730305926816e-06
1.9597450773289893e-07
0.15498240292072296
0.9993816614151001
0.917528510093689
0.03956569731235504
0.9999463558197021
0.9999829530715942
0.9944565296173096
0.9997082352638245
0.9957042336463928
0.9726635217666626
0.9998235106468201
3.829335128102684e-06
0.010113985277712345
0.9425266981124878
0.9974330067634583
0.9997962117195129
0.9995220899581909
0.9790030121803284
0.9999531507492065
0.9999985694885254
0.9999954700469971
0.9999940395355225
0.9999954700469971
0.8581541776657104
0.9978273510932922
0.9999638795852661
0.9990322589874268
0.9967588782310486
1.9484999938867986e-05
0.6300466656684875
0.8436015844345093
0.9801235795021057
6.9726283982163295e-06
0.20359379053115845
0.002551344223320484
0.02278193086385727
0.0162980817258358
0.2211613655090332
0.999893069267273
0.9960402250289917
0.9992135763168335
0.9997791647911072
0.9999620914459229
0.07129573076963425
0.009274289943277836
0.9105017185211182
0.95675128698349
0.9999994039535522
0.9999884366989136
0.9999996423721313
0.9999998807907104
0.9999905824661255
0.9999988079071045
0.997980535030365
0.9997310042381287
0.9999988079071045
0.9999346733093262
0.9999998807907104
1.0
0.9999997615814209
0.9999995231628418
0.4983087480068207
0.9999998807907104
0.9999998807907104
0.9971708655357361
0.6898209452629089
1.0
0.9997705817222595
0.9958307147026062
0.9916856288909912
0.0019911464769393206
0.002212237799540162
0.9999517202377319
0.0667368695139885
2.0439587387954816e-05
0.055002447217702866
0.10809671878814697
6.057007340132259e-08
0.0030376992654055357
0.1685774326324463
0.9101490378379822
0.40863102674484253
0.9984822869300842
0.9999992847442627
1.0
1.3004895663470961e-05
0.21675227582454681
0.06030484288930893
0.9983914494514465
1.0
1.0
0.98482346534729
0.9796135425567627
0.9985972046852112
0.9999991655349731
0.000551742734387517
0.9999974966049194
0.10730976611375809
0.9998801946640015
0.011500145308673382
0.9999159574508667
0.9999840259552002
0.9870455265045166
0.00011583735613385215
0.0002823054965119809
0.999782383441925
0.9903959631919861
0.9997075200080872
0.9994577765464783
0.9995573163032532
0.9945906400680542
0.9969755411148071
0.9942556023597717
0.9997844099998474
0.9908908009529114
0.9999998807907104
0.9882086515426636
0.99151211977005
0.5607268214225769
0.01945321448147297
0.9731988310813904
6.8316853685246315e-06
8.048147719819099e-06
0.5590605139732361
0.7652138471603394
0.17463913559913635
0.9590544104576111
0.4219473600387573
0.09528390318155289
0.0025133180897682905
0.9999572038650513
0.9999994039535522
0.9801490902900696
0.5696572065353394
0.9999752044677734
0.9918015599250793
0.3515225350856781
0.008368340320885181
0.6584557294845581
0.0035954739432781935
0.05815539509057999
0.44431036710739136
0.002134519163519144
0.9770195484161377
0.0003695688210427761
1.0
1.0
0.9999755620956421
0.9465690851211548
0.999969482421875
0.999988317489624
0.9999997615814209
0.9999678134918213
1.0
8.128311310429126e-05
0.9996138215065002
0.034831441938877106
0.2892092764377594
0.9907926321029663
0.9811803102493286
0.4943774342536926
0.7065740823745728
0.44079670310020447
0.8595919013023376
0.008544960990548134
0.999996542930603
0.05839955434203148
1.960806366696488e-05
0.9999234676361084
0.9889833331108093
0.24519334733486176
0.9732398390769958
0.9172099828720093
0.9991670846939087
0.05580684542655945
0.9972220659255981
0.9899829626083374
0.9931281805038452
0.7846596240997314
0.9994066953659058
0.9974236488342285
0.04860154166817665
0.9834067225456238
0.999836802482605
0.9994584918022156
0.048281822353601456
0.372217059135437
4.7753997932886705e-05
1.296427626584773e-06
0.9994385838508606
7.367334546870552e-06
0.18452945351600647
1.589544140756516e-08
1.6924129653261843e-08
3.614843979704574e-09
1.018359512272582e-06
0.9984094500541687
0.11273625493049622
0.49167656898498535
0.8902791142463684
0.6504168510437012
0.1914389729499817
0.9999998807907104
0.9998694658279419
0.9980766773223877
0.9700294137001038
0.9567481279373169
0.20986022055149078
0.999609649181366
0.0877981185913086
0.9480561017990112
0.9831090569496155
0.9999998807907104
0.9980080723762512
0.9999572038650513
0.9972397089004517
1.0
1.0
0.9304907917976379
1.0
0.9961567521095276
0.9997894167900085
0.9996846914291382
0.9995490908622742
0.9998946189880371
0.9999979734420776
1.0
0.9999997615814209
0.9999970197677612
0.9999997615814209
0.9991914629936218
1.0
1.0
0.7564018368721008
0.9999982118606567
0.9999781847000122
0.9999914169311523
0.8132007122039795
0.9973318576812744
0.3601107895374298
0.9999898672103882
0.998612642288208
0.9999984502792358
0.999984860420227
1.0
0.9999979734420776
0.9999998807907104
0.6604321002960205
0.9985429048538208
0.9998114705085754
1.0
0.9896997809410095
1.0
0.999910831451416
0.9999998807907104
0.9527682662010193
1.0
0.8587657809257507
0.995244562625885
0.9999998807907104
1.0
1.0
1.0
0.9987988471984863
0.9999967813491821
0.9999974966049194
0.9999994039535522
0.9833192229270935
1.0
0.05163118615746498
0.35712099075317383
0.9999277591705322
0.9988471269607544
0.999975323677063
0.9999977350234985
0.9999971389770508
0.999433696269989
0.9999996423721313
0.9999991655349731
1.0
0.9999716281890869
1.0
1.0
1.0
0.9994730353355408
0.9999998807907104
0.999871015548706
0.9999994039535522
1.0
0.9999997615814209
0.9842830896377563
1.0
0.9955061674118042
0.9421516060829163
0.9994004964828491
0.164342001080513
0.9999885559082031
0.9999949932098389
1.0
0.9999998807907104
1.0
0.9999614953994751
0.9999983310699463
0.9999940395355225
0.9999991655349731
0.9999996423721313
0.9999871253967285
1.0
0.9999315738677979
0.9999964237213135
0.9999990463256836
0.9999997615814209
0.8444189429283142
0.9987220168113708
0.9999932050704956
0.9999972581863403
0.9999997615814209
1.0
0.999998927116394
2.4530640985176433e-07
0.9999784231185913
0.999800980091095
1.0
0.9813515543937683
0.9999998807907104
0.9999998807907104
0.9999998807907104
1.0
0.13252656161785126
0.9999946355819702
0.9992039799690247
1.0
0.9915435314178467
0.9999997615814209
0.9999967813491821
0.9999998807907104
0.9999665021896362
0.9999512434005737
0.9999997615814209
0.9997938275337219
0.9999992847442627
0.9999816417694092
0.9990242719650269
1.0
1.0
0.9999663829803467
0.9999996423721313
0.9986904263496399
8.869120392773766e-06
0.9836980104446411
0.99685138463974
0.9999687671661377
1.0
0.9999134540557861
0.9950376152992249
0.9999666213989258
0.9999306201934814
0.9978421926498413
0.9999743700027466
0.9129692316055298
0.9998584985733032
0.9134770631790161
