4.7305349746376114e-24
2.2986871009057007e-19
2.117998839362053e-25
1.2906080337479786e-19
2.4212365148836133e-28
7.832031085271052e-26
3.530393090090929e-16
2.8712733433938114e-16
8.080306058906008e-19
3.345688093577533e-22
4.508440290227482e-22
1.2846423925542313e-23
1.9618030859033703e-27
5.777105330665638e-22
4.232481246042106e-20
2.2895172351288792e-18
1.137232357039432e-22
1.347839440239119e-17
6.158902497734279e-21
1.3222700322140968e-23
2.7686526739845444e-21
5.639004490096099e-19
7.272966345282285e-17
4.8673282549922925e-17
1.1074042784748872e-18
1.065731877747389e-11
3.1116397209542064e-17
6.326384728583268e-14
3.120196614877853e-18
6.081824122997259e-24
1.5898425561071058e-14
3.978157135011862e-20
3.499403985373677e-25
1.2865893012683168e-23
5.001825858685695e-21
4.0005085305737767e-22
5.169844901126611e-20
6.786028445165591e-18
6.028771901834825e-22
5.562072557225604e-19
2.6874785324178748e-19
3.9820306667240827e-19
7.119809264015692e-19
5.222811332722399e-12
1.3980604703593573e-17
2.4380629085575807e-17
1.819370934290354e-13
4.12981024889642e-16
3.3088235730419953e-18
7.584159229892742e-23
8.725398369241972e-20
5.11555026756843e-17
2.4807968787994178e-17
5.873010004752224e-14
3.1386554397601883e-16
8.593836636983909e-18
6.8308770098668425e-12
2.83678236456808e-09
5.0875040291664675e-11
1.2050625932237893e-14
3.919709066872723e-13
1.3488893805906326e-16
1.2906874430867837e-18
2.6583987394896316e-19
5.116606808821232e-16
1.8855859995832084e-16
2.905142802822722e-15
6.725485028181304e-20
3.1142897429390303e-16
2.0766079963452713e-15
2.714229199808128e-16
9.938293677597132e-13
1.0618161835679818e-18
1.4392328735311802e-20
1.503888071957595e-16
1.1557837357178833e-16
2.9059351227355394e-19
6.1595929867506076e-18
7.744835588824328e-14
1.52381547743536e-18
2.8646954129112488e-18
1.611535636339572e-16
2.1265660789836688e-16
2.934778290309804e-18
2.860131030291181e-18
4.4490689310569456e-15
1.1711490067664587e-12
1.8238686602667364e-11
4.807300255571176e-14
8.148820647358097e-16
9.570398640246225e-11
3.2598543666279315e-15
1.058126051446044e-15
2.4538744233150315e-20
3.3292297439374634e-20
5.774696584630312e-13
1.9035600387239446e-16
1.6460620227586373e-16
2.9008196310323583e-18
1.0576026274362882e-13
1.553365444993657e-19
2.4482993653308144e-22
2.449188089715749e-21
1.032193530744531e-20
4.865116539470448e-18
2.0181367296611557e-16
3.0456786977828927e-15
2.3955987646315585e-17
6.537229292132463e-16
7.819930443148342e-21
6.633377174503817e-20
7.0081854341573664e-15
1.0215877103143434e-16
2.1145855920381447e-16
2.5957314080696193e-16
2.586569899712117e-15
3.2466783710279057e-13
6.219469383950127e-11
9.138012870355946e-25
3.096611627662435e-18
3.577858434174896e-16
6.18350179002955e-14
2.9416294881795296e-16
9.475904436118121e-12
2.2623051977761766e-13
1.6764411039926763e-13
9.264770991135231e-15
1.3283182876116378e-13
2.0499577987258093e-15
6.579865838818899e-22
9.989200167674098e-18
4.2349748156028595e-17
2.4316966124932338e-20
5.609284601545407e-21
2.5968829070097642e-14
5.671786998395767e-11
4.0027890226900424e-19
1.3264962985993574e-19
2.9615943723836687e-15
1.9563342610665013e-18
4.054596585225157e-18
4.102925026103874e-17
1.7150241696888567e-18
1.541643142830802e-17
9.525140883888733e-19
3.0765127931386214e-18
1.2299981420481245e-14
1.2819283828902073e-11
1.3183802092241402e-18
7.581778358346086e-14
9.913520301700878e-15
1.9097697801970757e-14
1.1922454600725267e-15
9.531041122707421e-24
4.984748557035346e-06
1.4099997268002686e-23
6.108993519382544e-13
4.2166995850730676e-22
8.458373403969162e-18
2.199759784142689e-17
4.455711060274082e-22
1.7079143455288103e-18
1.0318381419647529e-22
9.663479345013926e-20
1.154779905232913e-22
8.386088404869645e-25
1.0388128083266102e-22
5.780118747769146e-24
2.7903677806511952e-21
5.791561200442926e-21
1.0019483822363784e-28
3.53408581133746e-23
2.089599046536429e-16
7.835735635143986e-19
4.2679003181365115e-23
1.8905918319525833e-16
4.129545474957781e-22
3.128326270015116e-17
7.642756237014914e-26
4.246952463897166e-22
1.8006203283373553e-22
5.402701219568661e-19
1.3668925685421795e-19
4.27902888338427e-18
6.403233665915982e-24
3.107766634820917e-21
3.21301136676707e-17
2.4600440339242893e-18
5.0843373671259294e-20
8.077382285633363e-18
5.775893135444239e-22
2.6067637442092165e-25
9.254497226215882e-29
9.498070958507621e-27
1.0766871294753999e-26
9.772441434390235e-25
5.701594302640435e-22
1.1333458622126138e-25
1.1848084359598709e-25
2.742119357947819e-24
9.840268286666816e-24
1.3913251211985848e-24
5.656597676606628e-22
8.037520782786678e-17
1.208178467887175e-22
2.6822013947595992e-21
8.139444605747309e-22
1.8729337560149e-23
5.442384150664708e-16
3.604950367851555e-20
1.04492731209729e-26
2.507403618068338e-09
2.0844084551054342e-16
8.96306416133465e-21
2.299088130022011e-21
1.2426674888777608e-19
2.099030257959835e-20
2.8466926590227284e-15
1.1429385710700225e-14
2.0326889188046617e-20
1.2203492770716792e-18
6.45836398141357e-14
5.333089438813721e-12
1.7723927252071003e-15
1.3484476529086395e-15
4.91410240695641e-16
2.518457874421559e-19
1.8163452902759298e-19
9.822121645947474e-23
2.9082909749234075e-23
7.19812023782987e-22
1.0596836085512436e-18
1.3101867203005125e-20
2.5130084085460596e-18
4.950445906522004e-19
7.693552654212529e-22
2.5469507310064074e-18
5.947146949257695e-18
1.4620994536399114e-26
1.7046118414734766e-21
3.022832391914697e-21
2.3737666558522014e-17
1.9529628279861e-19
3.871969452084275e-23
2.0891511821342524e-25
1.6696395044651414e-22
7.377407155955481e-27
2.4873360724138945e-16
1.4535429066972472e-12
7.480594634733505e-18
9.823360420729236e-15
2.216408964026957e-20
4.6846343140064216e-24
1.615594888710875e-20
8.39159015003408e-18
1.4600409289963463e-21
4.622923432788903e-18
3.499428164954387e-19
9.708488568588409e-19
8.007364238515316e-20
3.6544273671053776e-17
3.9577159180248034e-16
1.476525471342824e-20
6.705899873726653e-24
6.345115122485532e-18
8.649367828979026e-22
2.340002066394275e-21
5.7282029944628714e-18
7.876198791056794e-25
8.779105534282357e-23
1.0075461043492965e-17
3.3559978901710476e-18
3.4518424676422573e-20
7.643529532708399e-22
2.339671880773786e-21
2.9641125080708378e-24
2.117271348225431e-18
7.328288699052775e-21
2.801207646536579e-18
4.378346598377134e-19
1.3375030644838116e-25
2.637054216199753e-21
4.0265186630141066e-23
5.320888404096221e-19
2.2287284864863643e-12
1.0224391727145163e-13
1.0856466550399069e-12
4.953806004643074e-20
1.9316492394416733e-16
3.5932977378088857e-14
1.3178127012853829e-17
1.351545137005053e-19
4.1220665148739434e-16
2.9687882232046995e-15
7.541977127187554e-16
2.003883282741234e-16
1.7534279150160925e-12
1.9497312659774026e-20
2.3372468037064563e-20
2.3408013577723706e-17
2.0256825213017528e-21
2.5867120786676244e-27
4.45666324694112e-22
1.5730050533175261e-22
1.354262759541878e-22
3.054239077631433e-24
8.3597932057083e-27
4.5977341546248327e-20
4.8728708043745395e-22
3.1028125070180704e-30
7.031035206700735e-20
2.7155733010186137e-25
9.164465225400753e-27
1.6683100024716926e-21
2.4741060347664698e-24
3.323057172288701e-31
4.5229052066616306e-24
2.8995491733591556e-24
1.474766094587432e-24
1.3412604385576632e-22
1.4230880336231525e-22
2.802150292328554e-24
6.172620771205588e-19
3.491590318107463e-25
1.1300019735265382e-22
5.4322811812341616e-24
3.1538578872050365e-26
2.597059473176027e-23
1.5945180790638083e-23
1.4593658533880943e-23
2.1301968219900866e-22
1.3636390616537218e-24
7.952133812097032e-23
2.159173009334917e-16
1.4125037921944936e-22
2.8262042174673188e-19
1.814803108668752e-24
2.1558801372459925e-24
4.181681292183838e-23
4.408599695305495e-18
5.802731450666016e-20
9.24830864111078e-24
9.752588147336634e-26
3.131840397728855e-22
1.052244995395298e-23
5.644035924453958e-28
2.298120238712072e-24
5.384448186882971e-20
2.759087401031716e-23
1.3185081754381512e-22
6.827889574425062e-17
5.389351922974668e-23
1.1855516652060294e-22
7.52962205696232e-22
5.663435000654153e-17
1.741249323435492e-24
2.921126294685076e-20
8.902205801794481e-21
6.347056119842025e-24
6.554336823800793e-30
2.8233889680292185e-21
1.2840952533444748e-28
4.137565094084826e-25
1.2432664803032082e-24
5.646433709370167e-18
2.678046497503958e-24
1.1377321609202009e-28
5.322533890675586e-26
6.505461321445691e-16
5.513111222241954e-25
1.404223391429401e-24
1.1410259575782036e-22
1.3146603643779728e-23
1.1152793804108644e-21
3.2605908783191814e-21
3.41205945705486e-26
1.15324952315472e-19
2.0997455840913705e-25
7.609636534123249e-22
2.519546650902832e-17
3.859261478291995e-29
1.0904914767041571e-29
9.315996623053163e-27
1.3933941428986714e-20
2.6920159422364513e-25
8.472258269996781e-26
1.6781077791570487e-28
2.5233547689908373e-25
2.98642872043638e-22
1.3220791278750333e-22
8.46995948001516e-27
1.2512801869177682e-22
4.4355691955753996e-27
7.29592397016564e-23
2.9263453465731927e-28
9.376508201755283e-25
1.0371548372740018e-20
2.261721900722335e-25
1.503332497753535e-15
7.117615846492362e-25
4.537870488818547e-17
6.737881367675144e-22
2.6067610093886955e-27
1.0332287646326636e-29
2.875497907146453e-28
2.020337027293956e-26
3.036867657919223e-26
2.823710570843059e-22
8.771132990429831e-24
1.635511463195559e-21
3.394973222885839e-26
5.1416212401323605e-20
7.927819351949692e-21
5.443502234155084e-17
1.524350353098952e-18
1.8208555184152693e-18
2.9340686016559762e-21
1.9967085331749083e-18
8.313836594170774e-20
1.199136106185665e-17
1.3002039266208332e-20
4.819636081440751e-19
5.050185209826272e-26
8.073775660783284e-26
1.4298003003616908e-18
1.465397610087159e-21
2.661495406851516e-25
4.65108682072054e-24
3.9782126330407e-15
2.9932996125879174e-19
5.851983502918237e-23
2.052727304772709e-23
1.361176494287416e-23
1.3840009981331846e-21
2.9983757447167875e-25
4.308482557430792e-24
6.0989424498769945e-18
7.610656171553127e-21
1.77529978694983e-18
1.524750941159975e-19
2.669220588347298e-19
1.4253488206250946e-21
1.6774128747441646e-25
1.5789448603894783e-22
3.995630113761694e-21
2.6371789718382323e-18
8.272108584055082e-13
1.711473522758867e-20
1.9071040640731309e-19
6.88430185212613e-25
3.150386036405449e-24
1.5936416151550625e-24
4.202556694913293e-20
9.252362202872257e-25
6.304496080040611e-22
6.304496080040611e-22
5.391100038740638e-23
1.1058549691875753e-18
9.496339488935402e-18
3.9689278673273014e-19
3.9689278673273014e-19
3.9689278673273014e-19
4.904428100617475e-13
4.904428100617475e-13
2.036306444579646e-19
2.585289390791091e-21
1.401998941727336e-21
7.955588865089719e-24
2.059262499879711e-21
2.568263273345074e-22
3.2553248397445157e-19
1.901582084184714e-20
6.720394403999184e-24
2.1807018737017122e-17
3.7249109307926536e-18
1.788959127938398e-16
3.4582775321423107e-18
8.025418799552782e-17
3.565461948173152e-15
2.3471629544168625e-21
6.070491374184886e-16
1.8575148530430852e-08
3.301084264435796e-17
1.9853517311054674e-20
2.3765337549444412e-29
3.311054186306918e-28
1.0878824557427048e-21
1.7153102190844352e-20
3.0629558405662755e-16
4.595335407446823e-26
4.595335407446823e-26
5.25732813663333e-21
1.6292570086963676e-24
1.6723394787320126e-18
2.4794132444177639e-26
3.2772259731916986e-21
8.674976904535142e-22
1.4947781980767e-22
1.910415226059915e-21
5.845704594125415e-26
1.259750083288911e-26
4.601203264487762e-22
2.574786458833655e-22
7.072461445753157e-20
1.5885371920602168e-24
1.789866623809037e-24
3.0888013883187092e-18
2.257056490080842e-20
1.172299104920904e-21
1.773033909813431e-24
9.729931100714458e-24
7.702195211404966e-27
2.4872858297328367e-26
7.835809014101865e-23
1.814111869300552e-23
5.282549070535972e-24
1.7738099825438212e-26
5.521382921871262e-25
6.925375808144157e-22
2.34528342073497e-21
1.7669378293961545e-23
2.4504333842785536e-19
2.8076787321673694e-19
3.571210769264768e-20
1.7908839110493598e-17
1.3795386349938609e-18
8.614330300226994e-30
1.0907193983508277e-23
4.957116084186479e-19
4.033234393672434e-24
6.659039292633326e-26
5.226446071817559e-24
1.6801405156914236e-18
9.884044267546334e-27
2.164998840773541e-21
2.440743726578089e-24
1.0080533033076564e-25
9.678364052201066e-24
2.105067670010741e-28
1.4469157350375342e-23
2.2110431687527896e-23
1.6927381248536997e-24
1.827478909339088e-27
9.936658001399195e-29
6.060945079155999e-09
8.401316751657784e-13
1.7911448151337664e-23
2.5525746206544827e-24
4.4341915658683766e-23
2.636103699945682e-25
1.4241561988880577e-17
7.6423601253025e-23
1.2219023070173863e-15
2.0832554329438568e-24
5.27801745906593e-24
2.485666396902031e-24
6.0546908577317295e-25
4.815030807578354e-31
1.4744181083206165e-23
7.702149155486648e-24
2.832512680823515e-23
9.256486062616464e-19
2.6177649025705893e-25
7.389769867433059e-20
1.1769147565830785e-20
2.1865550659604775e-27
1.90409351438435e-20
3.8035549773193946e-25
6.639944213085664e-17
9.561783941122899e-15
6.129300094679964e-21
9.381811039171515e-16
1.6659593312698145e-18
1.720179857199929e-19
2.0506706213258743e-29
1.3342487903965692e-22
1.2139821212089202e-13
1.0222371034468768e-19
1.165639890501473e-16
7.072346274585349e-22
8.965916538580674e-18
2.7552233606375266e-26
6.888783706810873e-28
1.442890444078747e-25
3.872841734402265e-15
2.5733793997316604e-17
3.114787345149389e-13
3.402812564059013e-14
7.93637142457763e-24
1.970770806069373e-15
8.41314204310913e-15
5.451859272970932e-16
3.407071821858804e-22
7.697795719977679e-18
8.46764636727773e-24
7.016230654092453e-24
1.4283440747426853e-19
6.850821609232419e-25
1.1339625141659274e-28
7.763431907047696e-20
1.2374677020934866e-13
2.970121978224105e-13
3.948028102357393e-12
2.0020162611045222e-11
3.984415343438741e-06
5.27076375166774e-13
1.3104469766267446e-12
8.712403051626034e-18
8.128064753288435e-20
3.8534084777219757e-13
2.286559319976451e-17
4.619067596537936e-16
6.492425719293816e-22
9.506704259365506e-07
1.3676302756948644e-08
6.782423511708657e-09
1.6933593631514722e-15
1.0370663771575787e-15
1.1296406789585572e-13
3.115989966318011e-05
6.415510256374546e-08
7.440053434448757e-11
2.7359553302074046e-16
5.698560373579298e-11
2.12335520260315e-13
1.3151707500824728e-10
9.77697256487886e-10
4.147831167075622e-13
2.582338097696646e-13
2.0109419684999352e-10
2.2182566894457523e-09
4.8598152169176956e-09
3.771131673602213e-08
1.0086096402517342e-09
1.8950299662812142e-11
4.46747716945084e-12
7.43750060792081e-05
1.339903123349917e-14
4.4639818952418864e-07
3.3818632031064333e-13
5.515796153154895e-13
6.485326598665297e-13
3.698409634100841e-12
1.3256057584953851e-08
1.611255555644675e-07
5.333789854233828e-09
7.384665101639598e-10
9.13086099785243e-12
1.5071943693101275e-11
3.318233666504966e-06
2.1199000620376754e-16
1.156847317932059e-15
4.698396782742975e-09
1.0178100637858734e-06
0.8849882483482361
2.882425027828095e-11
4.093676125194179e-06
7.146622010623105e-06
0.00024715912877582014
4.1536852489433215e-15
1.5267285049039292e-13
1.5205539735316242e-12
1.944800397113422e-11
3.805414371203103e-13
3.13183853850596e-12
1.1232424631255414e-13
3.0769555792176106e-09
9.943982486396163e-13
4.837213529035322e-13
3.1433439184880285e-10
8.647220445115802e-15
3.2907012618293985e-12
1.9785401615679543e-12
1.059317650958791e-11
2.781007845883976e-12
9.511892965993237e-18
0.0001624282158445567
5.268648364809003e-11
2.465948172858368e-15
1.2176912827201116e-15
1.4846435192339413e-10
7.173006928385621e-16
1.6374696676021305e-16
1.797387625401825e-07
1.2355316769685487e-09
6.535811475361086e-11
4.5098720313774265e-09
7.647477269501213e-12
2.647355756835168e-07
3.17733283736743e-05
2.791491376266378e-17
5.048133406519023e-15
5.6453449553961477e-11
1.0951594039260759e-16
3.832483420262235e-16
1.7713291906385278e-14
7.894105664020112e-15
8.726848106663048e-16
1.1120832987127072e-12
2.0329658095841197e-11
9.392824192044902e-12
8.597825142814264e-13
9.88342208074755e-08
2.54724347022519e-17
6.600592988847964e-11
2.843843068548188e-19
4.979685826016211e-13
3.1580498472743516e-17
4.348358778271218e-16
4.4645193032939734e-13
6.108018604789045e-12
3.3825893475114555e-11
2.7001472347083777e-13
6.49505338293048e-14
2.0787045695858097e-11
4.882822009609901e-16
1.597677068768122e-13
9.152940905199358e-11
4.4442983906760325e-13
3.5227426531392325e-10
4.086505092648629e-11
2.4451853875007146e-08
4.8548099947694906e-14
2.569193497947708e-07
1.0171597750741057e-05
1.0502397562728305e-12
2.276113036714378e-06
2.3538718717242002e-12
2.2116504183600227e-08
4.078401782958707e-10
1.0061145493123202e-11
1.850695707794614e-09
4.896660410385668e-17
4.310788062866777e-05
7.198774200036688e-16
6.290567567714123e-13
3.244493161549261e-13
1.2660913428774734e-09
1.4592640984467664e-10
3.2208641309594555e-10
1.0998564255529364e-13
4.108709206196437e-11
2.789369646719053e-12
1.1427456487283735e-16
1.5291073528905796e-12
4.709048255502335e-12
1.6280506876984423e-14
5.323257710188045e-07
1.441787126157685e-14
5.24337911983768e-17
5.232474880895871e-15
3.513019104310151e-18
1.7129627709788892e-20
3.876204022587404e-19
2.8992819022736223e-18
4.857373789663654e-22
2.0489596583888077e-20
1.3489952235198876e-19
4.310476340259865e-22
2.3591501262742057e-18
9.552317902914163e-20
4.409754896309015e-13
1.0100381765838943e-20
9.77579108515302e-19
3.833977847779959e-22
1.3387851113662155e-24
2.2051194051394974e-25
6.240519169128933e-13
6.409405745192867e-20
1.171658191940613e-16
1.772703692177861e-15
4.711136605069395e-14
4.81882383388671e-13
3.273472160003621e-09
4.727884750366229e-12
1.0239624252672552e-11
5.948521297934051e-14
9.029188507980734e-11
6.207696417959098e-16
4.2083548560008233e-13
2.359074678355053e-21
5.473710539253276e-19
2.443899949909092e-18
7.881553165137395e-16
2.2996144075308767e-21
6.770540315376148e-18
3.5085815004200216e-13
2.9925582845091725e-11
4.693449265405481e-18
6.259419320212879e-15
1.0582251221136207e-11
1.9554700198508301e-13
9.164476943284843e-17
2.0426312551113934e-12
8.4150637491082125e-16
6.804368808850658e-14
3.971444416275664e-14
2.4039478294263012e-17
9.252227703735816e-16
1.43618216277841e-11
1.9132705766325006e-17
5.72565852507978e-07
7.099985183112167e-11
2.210258228128314e-16
3.265834944908826e-19
2.6382747364550596e-07
2.7980937201575393e-15
7.730710467395915e-14
2.1878820533061116e-08
3.666131390437852e-15
7.535067786792572e-18
2.0572580051212797e-16
9.0852680934006e-10
6.3850323773055035e-18
2.993929911099258e-06
1.1777949726621273e-09
7.982881863732855e-18
2.4037486377173536e-15
1.671509454686104e-19
3.4104373428919593e-16
2.714494774791465e-11
1.5740359060600895e-07
3.4270993864993216e-07
2.291794954766696e-13
4.360303762496187e-07
8.808007101457349e-11
1.4060126896303995e-14
1.7900641750623198e-17
2.696966185534305e-13
2.2695691542717036e-18
1.8555224510922136e-18
3.296467736349913e-16
4.219603833011121e-11
3.507428925748034e-14
4.338465036400594e-17
1.5122092674865372e-20
2.144068749583214e-14
9.767910493451962e-22
8.164284292601408e-16
2.831555235925227e-20
1.2939166035006496e-14
4.962191974617834e-17
1.461520608901568e-17
1.4375389885824306e-18
4.1485368238712323e-16
1.61546548018145e-20
6.895316044004465e-17
4.2263514736518015e-12
2.2505806016016004e-14
8.46744209521731e-19
1.7845052692477825e-12
1.5367318962483667e-13
5.1077115732116326e-17
1.089537904341853e-09
2.896901385440742e-09
5.935574907555037e-15
2.5722154961549393e-10
8.142831976190243e-14
2.1747096311253156e-12
3.925073157121095e-13
1.7133511406516866e-13
1.4592211762980768e-23
4.399634817705764e-15
8.537955106534393e-19
1.766383026446331e-14
1.0889224244525764e-10
6.225621355658673e-17
1.689799452005417e-20
8.269579953538303e-14
5.4283921108178035e-11
7.298596216287478e-08
7.798722605201203e-13
3.768568888062873e-07
3.221013137200829e-13
8.757475539016013e-13
8.85030503744444e-12
1.7100937431041222e-16
3.647382743054983e-12
1.2632758456562741e-21
5.601625391836451e-15
2.5838801042364634e-13
7.177033828895986e-15
1.8545960600580003e-10
2.1095022430250854e-12
6.493977936961086e-17
5.934381133200495e-13
3.735146787947185e-15
8.705804631879699e-15
1.642208778684915e-19
1.8346720583584103e-21
2.4086580936191987e-16
3.263417186451213e-20
3.932219349501e-18
7.302486105238587e-18
9.97462610554875e-16
1.6161505214379632e-19
2.6675032890173344e-17
9.574790719946609e-20
8.415936692712673e-22
1.3572821536089426e-16
