2.1020800207251458e-23
1.0247825085835872e-27
1.4702851398204187e-22
1.4998922850874133e-27
8.957014595311789e-21
1.3028216656850537e-18
7.673190379627282e-20
1.9078751515003951e-19
3.4645338065428214e-27
1.3726433448512724e-22
7.70239486357052e-21
5.879378304385759e-28
3.0597445269049976e-16
4.744718792321098e-25
1.8626787072280658e-25
4.606169402333622e-16
2.2137027344086517e-22
1.4859706347347679e-12
6.04900444477322e-20
1.6101253184690814e-20
4.68419921480803e-19
1.4287814620012092e-17
6.444074047887701e-19
3.67922362591103e-19
6.269398731525184e-18
8.954534533351944e-18
1.3459902779797568e-16
5.396351428988709e-21
4.931469187001436e-14
7.198119020051987e-15
5.437336694952884e-25
2.2593638716254674e-21
4.387704838382593e-21
6.806593235112684e-24
1.3929498176627597e-17
3.3282826247210296e-17
4.370048894389847e-21
8.937939842698058e-20
5.371690735391931e-19
5.2294738828684184e-18
6.034731398874971e-22
1.868968640352039e-27
1.7420672538650706e-23
4.4197055874759115e-29
1.2481412709189247e-25
1.2930036521995087e-18
4.0658797298498866e-22
1.781651229126839e-24
2.5504624455807535e-24
4.0339864246341426e-25
5.306164205490833e-22
3.0552081143674067e-23
2.0139555801420014e-21
1.1307582238054616e-19
5.461834608648037e-22
1.4055624088603037e-25
1.696656475856023e-23
6.98165221821106e-25
9.952692798574389e-24
1.4985397393082835e-23
4.402118690272625e-23
4.7670223017370986e-30
1.916637655961798e-25
3.610884760793621e-26
7.718047925963207e-27
2.548556163203287e-24
1.209726875626379e-24
4.2630342378185363e-16
3.702623044057805e-27
3.6882557758093844e-21
3.744034281146251e-15
2.2700770143034646e-28
1.1333051702017838e-28
8.020144674807922e-27
2.7561194696480028e-24
1.0146076418410852e-18
1.2008005661228275e-20
4.311105409500125e-20
1.4758693165633837e-24
3.814826952245827e-27
3.383184312954893e-25
1.5288265417551635e-28
1.0409125570538192e-27
5.600076727547715e-26
4.4300446424187655e-25
4.655997270314363e-27
1.227096867007313e-22
4.97086555395509e-26
8.224428401740151e-23
8.910439071670361e-26
4.6249978337441244e-21
1.2799503285431157e-17
2.610036901193683e-18
4.284608972710719e-21
5.2876385707490735e-21
9.349551680775568e-23
8.990362699172102e-27
1.197166940168398e-31
5.340527661553002e-28
3.4114070290268995e-27
3.82093662908513e-31
2.9506248231583535e-28
2.279939912902556e-32
1.0329421922754699e-27
1.802963643257322e-30
1.8806017537449517e-30
4.3108442659958025e-19
7.405795684007707e-21
4.897069526794169e-25
8.771756554160529e-27
1.4412690686779622e-23
6.859646071940995e-29
2.3401407989648054e-32
1.1874490794695852e-28
5.708702381158583e-25
9.553427417475783e-24
1.2682084871892598e-24
1.282973083992693e-22
3.9925706416273364e-27
8.38543542217386e-28
3.3111223623010193e-25
7.409776288757226e-22
1.4433543435948234e-23
2.2896894114809125e-20
1.6381510801368498e-23
1.8516443464774122e-14
5.014552080877437e-20
2.345018779484503e-18
1.607282258717955e-22
1.7403075374093404e-30
3.973178349849086e-22
2.3454702734844244e-22
1.1538257852403596e-27
8.486740300213601e-28
5.841383361998034e-25
2.225927090628899e-25
2.667694620971389e-26
2.9733124248285787e-21
4.536362877881862e-25
2.0897829413901986e-23
5.577508501733087e-23
1.044765410722445e-23
7.400111669817438e-23
7.515215121219054e-15
1.2495751190768262e-18
8.342879034724481e-19
4.605587464229078e-17
2.622876934228866e-22
9.739846293432181e-24
8.750090155249789e-29
1.501898472384443e-24
2.4213175455818694e-22
2.569485629094932e-24
2.0434333810386146e-20
3.196293337667739e-21
3.1242528937287243e-21
2.7321981143995332e-14
1.1325948859330914e-12
5.524863454508004e-16
2.4692214787434732e-17
3.236177254653332e-15
1.0706841222173668e-16
8.180665685428565e-20
1.18398673871947e-24
1.888195878492905e-19
2.948989571201208e-23
5.1040087819176e-18
7.113350450925929e-26
2.3612974738157995e-22
3.218603604016296e-18
4.8532786549324704e-23
2.487354104951248e-17
1.6255826326505066e-23
5.149400985433017e-25
3.113411534132061e-23
4.9711135311145246e-18
1.292210763521967e-24
9.802615166799712e-24
8.336270626772249e-17
1.3539335887120572e-20
1.0605474282566126e-21
1.735146785655281e-19
3.344404436898234e-19
6.823810913230038e-22
6.711389353555517e-20
5.339442860156354e-15
8.342700665633094e-16
3.459364930540683e-15
9.310572259584978e-17
3.390738377299024e-20
7.655754827827488e-15
1.8830223403595904e-21
5.5291922732794634e-21
1.4663325706204768e-27
2.1229146368781457e-27
7.066993575109028e-18
3.262304296827096e-23
3.355872272086718e-24
1.6613604723737193e-23
2.3738675387997084e-16
5.803266958912435e-26
7.095293471027739e-28
2.9444969955577994e-28
3.7012356161629303e-29
3.214668773293144e-23
6.544098456235846e-21
5.0346968368499444e-20
7.447810643011718e-21
3.602891450683425e-18
2.7325571252649193e-22
2.6898733762963484e-23
1.3486211259179817e-17
5.002608610652066e-21
5.2070589426294565e-18
3.1602824673046363e-15
3.129265874812673e-19
1.1367531635961514e-18
1.0230691411605892e-17
2.2068589898061855e-27
5.155367220923016e-21
9.469849934547187e-20
6.482218654654971e-18
1.2870442294763704e-18
1.9819574855004657e-13
8.13178641981007e-20
1.0466315463452847e-17
4.060102622499737e-20
2.5033555830288414e-17
2.3591840536040174e-20
5.351385368948397e-25
4.351166921710869e-22
3.3666126853816343e-19
6.0768846704392174e-24
1.7990589241147378e-25
1.2044253781957857e-19
3.0783050262474243e-13
3.6597191049053615e-22
2.7872280890048666e-22
1.0270229486833069e-16
5.414703691036162e-21
5.934059620723307e-22
1.8097730333476406e-21
3.8035318558062625e-22
6.834553961825249e-19
5.316555838640873e-23
1.5771820023909117e-21
1.45783958635428e-14
1.7181463500201555e-12
5.737184495704578e-20
1.8324192396735814e-14
2.0075603673297798e-19
2.1954339604112816e-17
2.244540116501921e-18
7.832322305137943e-28
9.163412251211867e-09
8.103384546636429e-29
1.3788871032396205e-13
1.9398085715080154e-24
6.23415821250523e-23
3.2216680521152442e-22
5.750777263614677e-25
8.349743563482195e-22
1.9959475127014227e-25
2.407063068838241e-21
1.3034553209713411e-22
1.6497460185188833e-31
2.270657200699211e-28
6.008491766706914e-32
1.444012968494973e-26
5.0316482111487424e-26
1.5221727904588877e-31
2.1609110976690395e-24
1.6642181160803904e-19
5.138344587086756e-21
1.2491315070591309e-26
7.165854014319515e-20
6.867088876359328e-27
5.365702630342611e-22
5.6232033922715105e-31
3.370167656869657e-29
3.6291287099708122e-25
7.068562897683909e-24
1.3705909969885952e-24
5.086117198886821e-22
6.820299323177164e-29
9.876377898772644e-30
1.2961204687476085e-17
2.1109799158839291e-19
1.416503662820585e-20
8.672301290293024e-21
8.755335198833003e-21
8.724122601068373e-30
6.303643557582212e-33
3.333123341837815e-32
1.6064544658789468e-30
6.610684568685426e-30
8.173836965857934e-27
8.845431361124079e-30
3.2219270234908484e-29
2.890865528099951e-26
4.0849956498799305e-25
2.060721226755766e-24
1.6999404249183676e-24
1.521248219006725e-18
4.0611767344038807e-25
9.46281550124325e-26
9.732626114574654e-27
3.3850529888538935e-27
3.1140442005780485e-21
9.76994468962521e-25
8.464628061507009e-35
9.148294101424259e-12
1.1299673898644534e-22
9.522917573313155e-28
7.31047569778418e-28
2.3681712921995333e-22
1.5072664341862004e-22
1.3827089727125323e-20
6.6427529048555876e-18
7.758534724181312e-23
7.998842985736313e-21
2.5730859822247756e-16
3.401670424832935e-14
2.412523147505623e-21
3.250892831871851e-20
4.958310429593429e-18
2.0156653375464548e-25
8.216075074728675e-26
7.100983823641425e-27
2.9109824441480588e-27
3.580813656568648e-28
3.80865942644665e-21
1.4602664613709206e-25
7.345436667109656e-23
6.909249597975267e-23
1.1296191810294696e-28
5.587340568232922e-25
5.237488625654933e-22
6.36003095541778e-29
7.169167290350973e-26
1.470054445337296e-23
2.0422702592764078e-22
6.132258071427914e-25
7.686035882636604e-24
3.9698397070880303e-25
5.391358306870626e-26
5.490373677911078e-28
3.708783829829408e-21
1.3881521529045954e-13
8.278229699974634e-21
4.06953829604556e-16
8.631320361880536e-26
7.913740993536913e-28
5.436040184914376e-29
4.821617615216342e-21
8.77918313261908e-28
1.8298053103768378e-23
2.599617780646095e-22
2.7120265468899993e-22
1.928014296336838e-22
1.971471898920769e-21
2.3687428364404066e-20
4.9065854079824306e-26
9.960023682966607e-24
1.7451810771845952e-22
5.05472249123407e-23
2.5899272870686153e-22
4.048169640019804e-17
1.0628457328915613e-25
2.213529371131373e-26
9.009509464156578e-22
1.0341410725668245e-19
1.2638783586830202e-21
2.7041224130551745e-23
5.99672685725181e-23
4.875156497266981e-30
2.11521218821436e-26
2.4287968780657518e-26
1.0286038122533468e-22
4.273178428681164e-23
1.383240802804693e-29
2.017307496158011e-29
2.2017443277455317e-29
3.1367543069707855e-22
9.972790558682271e-18
3.3229241073538805e-20
2.4405661225272887e-17
2.71526244051815e-25
4.794806187403441e-19
8.326472941250258e-19
4.4776768858690735e-21
3.902726633907863e-22
2.1242881907011088e-23
2.8196391413820776e-24
5.02680687474351e-21
2.087642953605306e-20
1.272671800897139e-17
4.8093980267283094e-30
1.562080701417892e-29
8.419015143509208e-23
1.6536720991209687e-30
3.329400861120669e-24
4.843041275397318e-27
2.3290487484593587e-28
2.8878953233177166e-22
2.3791938975318775e-27
1.7666250312560924e-26
1.1480508586025053e-22
1.990359049485514e-25
2.7095462167426907e-21
1.7221485147460626e-20
6.582674436076976e-23
3.5691299833017234e-26
1.2094816631443717e-25
3.602277472339661e-23
1.726385392004696e-19
1.9290588743930954e-22
2.233408271127304e-28
6.508074180977289e-29
5.425979439848513e-26
3.16875293695029e-25
1.0312756008351565e-29
4.318186786401918e-18
5.84655082662813e-19
1.738298448802272e-21
1.596296501975977e-29
3.223284117989099e-26
6.797722336461293e-23
1.4568508662146366e-24
6.211061627377807e-23
3.301949908946833e-19
6.424861371954116e-17
8.134334911578558e-19
4.251519974692464e-31
8.941549387472601e-21
3.593313882531906e-24
4.400377099964063e-21
3.29700255328442e-27
2.7810460370398028e-30
7.208913085636306e-24
1.073983374204373e-27
1.674181108926997e-29
6.026525996595252e-27
9.11759598686714e-28
2.0428378289204962e-23
8.540294634177177e-28
6.400872707300942e-29
3.9960232682757016e-30
6.561226549287347e-27
1.4844670499396292e-26
3.2259337070197e-23
2.0662113111589994e-28
3.748784503336856e-27
1.6434399191898136e-23
3.7978468192522606e-23
2.5346104736610998e-27
1.598557965027863e-28
1.073750995349143e-25
1.5016413826154315e-23
3.2490592684218504e-34
9.278806003706624e-24
1.5892690700909873e-26
8.349940533298803e-28
1.1142151470962924e-23
1.3968064225908998e-26
1.7297804596476758e-34
4.51545510566511e-25
1.2573795963280647e-24
1.0827045820308411e-26
3.593085321062419e-29
1.4158795015573334e-24
7.543805192034605e-27
4.29072427293509e-22
1.1626501959488277e-25
1.518784409839248e-25
1.8566709151372256e-24
3.775033772920887e-26
2.1584208117026765e-26
1.5571442119512182e-27
1.991539308659241e-22
3.47899960502207e-25
6.426078267299862e-27
1.3766378130423405e-24
1.9198081865474945e-23
6.592888837573073e-27
1.848199180103876e-23
3.263862944323665e-29
3.7860084921159833e-26
2.6810298215360843e-25
1.5226524873435045e-19
4.1311368282846654e-22
1.8116559480873727e-24
1.0797472780826356e-26
1.095967358631683e-21
2.7448361271126663e-27
4.869134956925233e-30
2.1794134357705457e-24
2.0717964394346164e-23
1.0159014832384739e-25
1.879790692775262e-23
2.319481484464746e-21
2.461405768622864e-25
5.408574136865605e-28
6.440052170945362e-24
7.993835776337401e-22
6.889939264777505e-28
1.0448457009853784e-22
1.2991935137359505e-26
2.614519040390676e-27
7.537019066567996e-34
1.3141188113665386e-23
7.733746229088156e-30
5.778208121071504e-29
1.3319513624557164e-28
3.5444380823004817e-25
7.533042662171131e-29
4.4360569621914805e-36
1.3964296429010436e-24
1.2548054854875756e-18
3.248115277206829e-28
1.5279752807197444e-28
1.7727142054426626e-26
4.5028742841559115e-28
1.3286192580958586e-25
2.3590158139487357e-25
2.469128705088657e-31
2.1927801414676435e-25
2.6068891800264945e-28
2.3861992149262808e-29
7.479435104825394e-23
3.724699318006332e-32
1.9053969968142475e-32
3.2206352210269784e-30
7.440646498571314e-23
4.7992517914377744e-27
5.257171680222972e-27
6.829866093355286e-33
2.942790140144586e-28
6.876975059949857e-26
3.0160260336923413e-28
1.0942298571894896e-28
1.2901124921216922e-24
4.0695558001738754e-30
3.193371344464854e-27
3.3117185888795394e-31
2.2700239609520278e-29
8.105936287293981e-25
2.4994688003378437e-27
2.168329777546844e-21
5.836231792138149e-27
5.621671437347933e-19
8.91173083140266e-26
6.208457485223882e-30
3.0676667423161966e-32
7.925701259232801e-29
7.468923398756376e-28
1.9047988336304135e-27
3.02192409785053e-27
7.22677447425232e-26
3.85827056692075e-24
2.1107174212376293e-31
7.783813811332164e-25
4.546773315010692e-26
5.0397313294765806e-20
1.60465496062856e-21
2.1790603053417672e-20
1.0609504699148645e-24
4.275936601950179e-22
1.3252589078548434e-24
1.5175836796461444e-20
5.4239157057647454e-24
1.4730613294103313e-18
1.6952236807983853e-34
7.009685644258483e-29
8.981233660087581e-22
9.959105646088157e-25
1.7262111972333756e-30
4.402378104099819e-27
1.0178028627035458e-16
2.225135751801134e-19
3.2918909195078626e-25
3.0403120834764022e-25
5.491133187643947e-26
3.136710678093976e-27
2.510128255333473e-30
6.847373906216433e-32
3.7451297200074305e-25
5.5538324193846886e-24
4.196016788097876e-22
2.6248045000735553e-25
1.3749762274290644e-21
1.8384893121025641e-22
1.98833084495736e-27
7.940875401264086e-26
5.819592874149863e-23
6.791068010735828e-21
1.820962441435609e-15
1.842653866593407e-21
2.5876931304331117e-24
6.403971348025529e-30
1.523361744426914e-26
2.701397717070825e-25
2.9704588294298555e-19
4.239040659591818e-28
1.7678856679604905e-26
3.1478683347616164e-21
9.933722074310407e-25
5.879079297290769e-23
3.8283415878515814e-27
4.9597165014303207e-23
2.3263773873299964e-27
9.790848044220892e-23
2.6371401730860076e-32
6.969273766264463e-19
8.736717980495591e-21
1.549703356155641e-17
5.503445704000733e-25
1.3562021961654692e-21
5.215315954419705e-23
1.8671331828927193e-24
1.104184266848298e-28
1.104184266848298e-28
1.104184266848298e-28
6.825146744402441e-27
8.341516777648526e-25
6.038784503097125e-22
7.369109479383083e-27
5.550885333650396e-25
7.418041996041326e-20
1.6594024407208702e-24
5.863452000623664e-21
1.0597189349795133e-20
3.326249263196698e-26
3.326249263196698e-26
5.11272844333693e-22
7.996223795874846e-20
2.289101933511931e-22
8.012987127976116e-20
7.292090168681952e-29
5.633608170574956e-19
1.9944770842255758e-19
1.167052404924231e-20
1.7614788724889798e-24
1.7614788724889798e-24
7.66882770474648e-28
7.964439173392963e-28
5.31845732868834e-25
7.994393012534719e-20
7.613489867209764e-24
3.624175649562156e-25
3.624175649562156e-25
7.045531774607147e-28
3.30610671302103e-28
2.3219657289398665e-24
4.2549984336285245e-28
7.106793463733635e-24
7.106793463733635e-24
7.04027986764902e-24
4.01797610720413e-21
2.1329859817154584e-22
7.9807646666822505e-22
7.9807646666822505e-22
7.9807646666822505e-22
7.175234256577567e-13
7.175234256577567e-13
1.3632875554895471e-21
7.696049761545421e-29
1.265516055615934e-25
1.2357399409346988e-30
7.432585917841766e-24
2.2248159307400885e-24
1.9639761691555724e-18
2.19722147372354e-22
6.418137947028645e-28
7.663444673359502e-21
1.0004663680762382e-21
1.399926801786309e-19
4.032532951177286e-21
4.165589072453632e-21
1.11021160668927e-20
3.463069175338714e-26
6.091637721285115e-19
2.240296481659243e-07
1.679213499064138e-23
2.534495765273612e-26
8.18389793511408e-31
2.5937409216536487e-32
8.587119745803904e-25
1.4773408379744603e-22
2.7620862635429753e-17
1.0417422476738612e-28
1.0417422476738612e-28
1.833666652620212e-26
1.7802422033720856e-27
2.4217680719334502e-24
1.406899347538721e-31
7.566210277716248e-24
1.632387031274581e-23
3.309583886320612e-24
2.4428578738040814e-24
1.992380346165632e-32
1.15975871324444e-31
4.251447596590058e-27
2.6415251041463545e-28
4.2265934706577405e-27
6.2903693170129096e-30
5.981518073056392e-28
1.69684680464217e-20
1.854057100637076e-19
1.9953100637861975e-23
5.519455220071326e-29
9.269027813941425e-27
9.822789321248035e-32
9.743382655999706e-30
1.2248595204155238e-25
4.834633769665391e-23
2.0660615701058233e-28
1.678248612784232e-28
8.66009987489208e-29
5.956545714284789e-26
1.8846622730968728e-27
1.531615254460399e-30
2.2301957648984695e-23
1.9628764420984882e-24
1.1142272758327102e-24
8.50248692664957e-21
2.62040064708836e-19
3.2083553428839805e-33
3.1737872007283777e-24
1.563747724903934e-17
8.485981072436876e-24
6.9301461338545e-26
1.7774102734573255e-22
1.9804631966789588e-22
1.5544311785126842e-28
3.640309844975559e-22
1.8495524315437375e-24
1.1416411968541993e-27
1.032488033920459e-29
9.320181066969209e-29
2.1761984331513175e-24
4.657019212499983e-23
8.291248179355467e-29
3.43431342203965e-32
5.713516404832694e-25
4.259077032026104e-12
2.6542624435160755e-13
3.429604718537792e-22
1.995145338805461e-28
3.045877767274411e-29
2.9704819312569636e-26
2.675932547493192e-24
2.5371463071002756e-26
1.3228283729681441e-18
1.2624963823524094e-27
1.0083872595600131e-26
2.405788678947932e-27
3.714704787784935e-27
1.014128290344761e-32
2.3863860826124774e-25
7.028136293866956e-28
1.476000153088819e-22
6.019589255955981e-19
5.108640496237929e-27
3.1271398267679554e-20
1.7056664563648033e-20
3.6287613677228695e-29
2.1503080242373068e-20
4.299946688005848e-23
3.637757368765302e-21
2.476674045190331e-17
4.2112621561799964e-24
1.6155542121042526e-17
9.818385070585819e-21
5.228869407711098e-20
3.046246355283055e-31
9.912052773641079e-21
2.423139813800823e-13
7.088427582539079e-19
3.1827428429202846e-19
7.667698909502355e-25
4.958873132129815e-20
1.8167537906647844e-27
3.73940401765115e-33
1.3037613556481385e-33
2.8047882529143794e-19
5.598787728039723e-21
8.271117911260633e-16
5.287772579824421e-16
8.550608304881881e-25
1.1132976483445712e-15
4.031526104350747e-17
1.3345880895440808e-17
2.2228892365866993e-25
1.1432214165469344e-15
1.0863499668221377e-25
6.357273264478661e-27
1.7948058302424758e-21
1.4500042832536555e-23
1.55916046223832e-33
1.207815514270294e-09
4.9248306821514376e-11
1.2270519991233788e-19
2.4190653161430272e-22
1.0814866982400417e-05
0.005607610568404198
1.1556918616539846e-11
1.6882676686073337e-18
1.4611289905803124e-19
3.5278907430065032e-15
1.5487031190191843e-19
1.490670786677764e-13
3.8358921074233e-12
1.6457664869360593e-24
3.59467285321333e-23
2.6834083390113277e-14
4.9500039484007274e-11
1.122585999885925e-15
1.7791296613722807e-07
2.8806154510341297e-12
2.312711003607526e-12
1.2458568248233104e-12
1.2762024198309518e-05
2.244771480242741e-14
5.137461162323283e-14
1.1949596924487084e-14
5.519445456236838e-10
3.04069014411823e-09
2.846835384074341e-14
1.403807439352223e-14
3.797574302005953e-14
4.755887981474976e-15
2.3069770716693284e-14
2.3497354538101597e-20
1.9039240246632476e-15
3.875766894922972e-12
1.4692362452529972e-15
6.602266070009424e-15
2.109990504473739e-18
1.1448448610694656e-15
1.689592216136404e-10
9.884520979497324e-11
3.185283322369205e-14
1.226143345927147e-13
1.1411517974194369e-15
5.096708645402348e-12
1.4053513908152127e-09
5.313642863387369e-13
1.1717952475009952e-07
3.967805195514984e-09
2.0445937998214703e-10
1.2594784590258534e-11
5.897146377990825e-13
1.0606055096673561e-11
3.2835288266142015e-08
3.123784452882159e-16
1.107562282379594e-15
6.657973855307176e-18
7.176202095481341e-18
4.706585598687751e-13
2.539072249262146e-19
1.4004637344412893e-15
1.2008543045898686e-22
4.8475147451654266e-08
1.8515759592219183e-08
8.481744820376669e-12
2.7108868607378215e-16
6.615776774913722e-16
2.4260521163613907e-14
4.449627886060625e-05
7.067919166603431e-12
1.2133980750511295e-14
1.891426639170384e-18
3.3605250794420524e-15
2.5679160742795616e-14
2.2429527310983965e-14
4.211985427104992e-09
1.3175281551251316e-14
1.4131003225198446e-13
1.9864697994170788e-12
4.352825158093765e-07
2.847059699107035e-09
1.8678418811646225e-09
6.747393967998505e-07
4.1238090719986076e-10
7.819950576465958e-16
1.0072952136397362e-05
1.023159896108676e-15
5.239194322825824e-08
7.474160281298586e-15
3.2661295678660177e-14
1.057298137929763e-09
5.6090960869059625e-12
2.15262918601411e-10
4.666557806842775e-09
1.593872700489385e-09
1.2248156622263195e-07
1.829296610023068e-11
7.976357204939055e-13
2.6726427737600034e-09
1.6454147704729268e-17
2.1382933618196986e-11
1.0341930090085327e-10
6.513215566883446e-07
0.7946553826332092
3.070284249062638e-09
6.219797796802595e-07
4.517080378718674e-05
0.0013874326832592487
1.0351139662141576e-15
7.032803159279233e-13
1.0935974553190042e-17
1.8918996924632836e-10
3.559726688087293e-15
1.960000304418452e-12
7.403099060993617e-17
2.43190045878805e-09
2.510169264287321e-13
1.48721250785522e-16
1.0547712009367771e-11
4.71135152181266e-18
8.455907550769873e-14
3.93780916145667e-15
1.0752033811900485e-11
2.4646766832309153e-13
1.0563515174215462e-15
4.039900886709802e-05
1.1587730473376417e-15
1.518825200197404e-17
6.025804668744828e-15
2.7596369633897666e-10
4.501665124279346e-16
1.1306386031491288e-17
1.691007310000714e-05
1.325323878420548e-10
7.898250873857385e-14
1.6728798346576923e-09
4.562678919173323e-15
1.1702329771878794e-07
2.8649506020883564e-06
2.0854142511541013e-20
6.83784684376673e-17
5.3763271639544266e-14
2.371636191438495e-20
1.4854929234388142e-18
2.005054455800348e-11
5.0800584171142166e-14
2.8162103784707695e-16
5.120087838948739e-14
5.636543662368432e-11
5.5043372203938956e-14
2.0266171282378592e-14
1.1294775781323096e-08
9.820654176932538e-17
1.8834521142707672e-07
2.361894524138549e-20
1.6485767612151037e-11
6.294385634782515e-20
2.4874367919932305e-19
9.485269760931524e-16
1.0337315725639229e-10
2.428635903495291e-10
6.752708201634983e-13
4.587020325207136e-13
2.7906317834087025e-15
5.100841408090461e-16
9.147686473869217e-15
3.010577355987143e-13
3.734306107747035e-15
1.5678903730886873e-09
3.745613194605646e-11
1.3517312709154794e-06
1.136912287404146e-13
2.349398897649735e-09
0.0001503059029346332
9.274490905963211e-16
1.6789900314506667e-07
1.350840550529142e-09
3.2404198435642684e-08
4.472784583030645e-14
2.919092647723359e-13
4.229535388589056e-09
5.122139352746989e-14
5.819467130407929e-09
5.432768459353139e-20
2.096356061290737e-14
1.3178799279081263e-14
3.364856001253011e-14
3.891427331330919e-15
3.4629070444491816e-13
1.2262163940485182e-12
1.326021792369403e-10
1.7516225773679184e-16
4.688553097332996e-15
4.158598378850575e-12
5.353046478306922e-11
3.2147114831238e-12
1.6489666165853123e-07
1.1400422901376521e-15
8.450141741952735e-20
7.312644650784347e-15
3.3540313013519273e-15
3.701201012340505e-10
2.1817839418805662e-13
2.0777538284364757e-18
3.0918987014989287e-20
4.063907115133095e-16
5.199315601517771e-19
1.0201885260364039e-18
1.1226315710377577e-10
7.597242062881704e-13
2.4036109948634247e-15
6.122737256624666e-20
1.0772143491940035e-16
3.5343567807676057e-15
2.9676429287808933e-16
1.1126619374121627e-13
1.5455982847745187e-12
4.361651742768513e-15
6.660067174813584e-15
7.773977490505467e-21
1.0337517291942018e-24
3.069421166952051e-18
9.309518946210647e-22
4.256841169659576e-17
5.1379589277813356e-26
2.4632956891840413e-16
1.3148201060894649e-13
1.5541893944319423e-19
2.6888733657257923e-19
1.369602810309573e-17
6.060850495094418e-21
2.819156634609399e-23
1.980036707928902e-18
1.3398958732746992e-21
2.789125588015688e-19
2.3478520017918003e-14
7.866544978722546e-21
4.9937426723580465e-21
5.6089934468944856e-18
7.65240617426718e-20
1.1468800256429084e-18
3.717990135600549e-14
1.1615561329045233e-16
3.8686003095631175e-17
7.987001884927859e-16
8.496448467788254e-23
4.551627629488519e-13
1.218206225812483e-16
1.7724947233847123e-22
7.368516062068731e-13
6.710958185661224e-19
5.1674479535769844e-24
2.3883254068644104e-18
3.359953622956641e-19
8.531704206042907e-19
2.148807305348634e-20
5.555586944235306e-18
2.4744328666187762e-27
2.064157874298248e-18
1.197069157610775e-19
7.68437014188458e-15
2.1223889337295375e-19
2.328596465515455e-20
1.389868507680895e-21
4.099544463643502e-25
1.0406242854004873e-24
2.707446795241226e-15
7.857098640750676e-21
9.538231017082385e-19
9.365032011318122e-18
1.0317035336358259e-16
1.3360061788694842e-14
7.698409965062325e-11
3.192294383480218e-15
5.211225331466784e-13
2.805798755362238e-16
1.630330766222432e-11
1.953168356922822e-22
6.91206944111733e-12
6.046342421657866e-23
1.43267907087311e-16
5.591564255079626e-17
7.069359518456083e-20
2.4942687868650356e-19
5.630643245066836e-19
1.952190443804333e-13
7.667565855244002e-14
4.9435038966287296e-18
4.9269769107079814e-17
1.4751063868653769e-13
1.2535594646188343e-14
2.6942445079370405e-18
1.7123632373161612e-11
7.969946206518597e-19
4.282464750112076e-15
1.3553308841747668e-17
2.3503561623870013e-18
1.1873878253816968e-17
7.95194259831794e-14
5.942295121374765e-18
1.164723983926308e-09
8.003170473341523e-15
3.300114477885639e-17
2.5350643007003853e-20
3.6364767534019515e-12
3.917802666758997e-17
7.572391433345496e-16
1.646170179336881e-11
4.0396366102568296e-18
5.315785910397377e-23
5.6146536055981695e-15
9.321110506707586e-13
1.817016599041805e-20
2.5290414207290723e-09
1.196555333114746e-12
6.880778882406243e-19
7.312576881531121e-18
3.4666069145621186e-21
8.895290410314824e-19
1.8719539265042717e-13
2.7675953542805054e-11
4.2914619340778115e-14
5.470647324008869e-17
7.841317595236319e-10
4.8658025525449844e-11
8.370306528175295e-16
4.665139008940853e-18
1.041371739749354e-15
7.924374112386666e-21
3.7995567541504177e-23
4.6970669398144814e-18
3.9400784718202075e-11
8.176806806517792e-14
4.9442768969111604e-18
1.3527917927000178e-21
3.465997494979216e-14
1.0066522113981979e-22
3.5045402045847177e-14
1.0094290396498993e-21
3.5751982213249255e-16
5.294587162544332e-19
4.9519236853658456e-17
4.121555033429038e-20
8.069410249761822e-17
3.5804028138217635e-21
1.2836498938327591e-20
2.988317059082757e-13
1.1942534363772878e-14
2.808244898522571e-20
6.072790518065266e-14
1.474929255335447e-13
2.9255581629710124e-17
1.3664178295791363e-12
1.1281309220123603e-10
3.964948353099097e-19
2.808071429463016e-14
8.923078747245794e-14
5.549762580915607e-14
1.1899065988172502e-13
2.544500255028531e-13
1.77426121645433e-21
2.106543623008896e-15
1.6581427639944028e-17
1.1759177141680739e-14
3.559820840881578e-12
2.465377348884884e-13
1.1055026043830152e-22
1.477530798448326e-13
1.0101964837555544e-12
1.2681353189769595e-10
1.5500435949968722e-13
1.1901196694807936e-10
8.296963918859313e-13
3.737034119655203e-12
4.301161731873294e-15
9.441326187936338e-18
1.7488469033393253e-14
6.8869914773267855e-22
1.9992887960408254e-14
1.4904910124050388e-14
8.470011835187783e-15
5.95284834880444e-13
1.5243339923642907e-09
4.5473116801760436e-18
6.852581670098489e-15
2.1599216077892776e-17
4.7483234346255135e-17
3.48021818769755e-19
2.365318013859785e-22
3.86360261665097e-16
3.255142623099047e-24
1.2617642619441258e-20
2.620089905059027e-20
5.4739881410668484e-17
6.767946939365907e-21
3.0488855645211975e-16
9.89338708768965e-22
6.337303235255552e-25
7.626739250998149e-18
