0.8728463649749756
9.232238517142832e-05
0.4395170211791992
0.06471174955368042
0.03972771763801575
0.9997977614402771
0.9941529631614685
0.9999982118606567
0.9999998807907104
0.9996688365936279
0.9999545812606812
0.9999929666519165
0.9999798536300659
0.9999942779541016
0.9782595634460449
0.9717454314231873
0.99994957447052
0.9999305009841919
1.0
0.9924256801605225
0.9999996423721313
3.403803532364691e-07
0.9996964931488037
0.9998451471328735
0.7956296801567078
0.9999996423721313
0.44781285524368286
0.9745429158210754
0.9999334812164307
0.9840456247329712
0.999991774559021
0.0007938122726045549
0.9997735619544983
1.0
1.0
1.0
0.19371680915355682
0.9999986886978149
0.9999958276748657
0.001674295519478619
0.9999973773956299
0.9999911785125732
0.7818126082420349
0.028500420972704887
0.00010734239913290367
0.0004927616682834923
0.12305205315351486
0.9684961438179016
0.0015890344511717558
0.08155062794685364
0.9987056255340576
0.4748604893684387
0.1420266032218933
0.6972681283950806
0.9975392818450928
0.8808066844940186
0.9999442100524902
0.9999994039535522
0.9997767806053162
1.0
0.9994207620620728
0.18408732116222382
0.9925317168235779
0.9999996423721313
0.9960212111473083
0.7631106376647949
0.9976457953453064
0.999988317489624
0.9999984502792358
0.33545687794685364
0.9988675117492676
1.0
0.9999998807907104
0.9971135854721069
0.18064621090888977
0.7540713548660278
0.6735941767692566
0.9618436694145203
0.9024408459663391
0.9999998807907104
0.9999997615814209
0.9999970197677612
1.0
1.0
0.9999996423721313
1.0
0.9999996423721313
0.9998961687088013
0.9982902407646179
0.020855223760008812
0.10318414121866226
3.414630498355109e-07
1.389145722896501e-06
8.842719125823351e-07
3.282114846570039e-07
0.9992409944534302
3.6687441024696454e-05
0.1704055815935135
0.999953031539917
0.8425099849700928
0.22430920600891113
0.9701299667358398
0.04393337294459343
0.44601237773895264
8.849646292219404e-06
0.9790209531784058
0.9999990463256836
0.9998539686203003
0.9999920129776001
0.973334550857544
0.9999985694885254
0.999998927116394
0.9735231995582581
0.6970226168632507
0.20571759343147278
0.3144913911819458
0.9946833252906799
0.9988284707069397
0.9979875087738037
1.276105763281521e-06
0.9987389445304871
0.9999865293502808
0.0002754327142611146
0.5064253211021423
0.0001510724687250331
0.05524684116244316
0.9996824264526367
0.5343731045722961
0.9995388984680176
0.16261042654514313
0.6725835800170898
0.9953821301460266
0.9999719858169556
0.9999996423721313
0.9995251893997192
0.7474722862243652
9.117513400269672e-05
0.7764886617660522
0.017887381836771965
0.000929934554733336
0.9999947547912598
0.9999998807907104
0.9999237060546875
0.9998201727867126
0.9999597072601318
0.8833501935005188
1.0
0.37413692474365234
0.9989350438117981
0.000499814166687429
0.004083205945789814
7.911465900178882e-07
5.381981827667914e-05
0.9545906782150269
0.46980926394462585
0.12312627583742142
0.9999995231628418
0.9949270486831665
0.9967420697212219
0.2307198941707611
0.9996979236602783
0.9999860525131226
0.9997534155845642
0.9999645948410034
0.9994358420372009
0.999934196472168
0.9238168597221375
0.7444491982460022
0.9995424747467041
0.056580591946840286
0.9999938011169434
0.9681357741355896
0.14032307267189026
0.0012373102363198996
0.9975078105926514
0.9665176868438721
0.05179835855960846
0.0002746803220361471
0.00039756885962560773
2.654535592228058e-06
0.002606338122859597
0.995667576789856
0.9999047517776489
0.9967216849327087
0.7924601435661316
0.9044774770736694
0.9979536533355713
0.9999897480010986
0.9999915361404419
0.9986392855644226
0.9999979734420776
0.2137942612171173
0.5249854326248169
0.9952314496040344
0.5677855014801025
0.9994907379150391
0.9999328851699829
0.9999728202819824
0.713229238986969
0.9977830052375793
0.9999988079071045
0.9999991655349731
0.5407135486602783
1.0
1.0
1.0
0.999997615814209
0.9999998807907104
0.9999997615814209
0.9976981282234192
0.9959304928779602
0.9999998807907104
0.9978875517845154
0.9999792575836182
1.0
1.0
1.0
0.9999827146530151
1.0
0.03061889111995697
0.9999988079071045
0.9890028238296509
0.9947425127029419
0.9895222783088684
0.9999998807907104
0.1935890018939972
0.992639422416687
0.9876099824905396
0.902463436126709
0.9994117021560669
0.08286208659410477
0.538868248462677
0.9955724477767944
0.999998927116394
1.0
0.9824946522712708
0.9999990463256836
0.9995293617248535
0.9999349117279053
0.8649476170539856
0.999817430973053
0.19949768483638763
0.2642379403114319
0.9999574422836304
0.9999961853027344
0.9999527931213379
0.9891961812973022
0.9988749623298645
0.20596620440483093
0.043026793748140335
0.9709916114807129
0.3154980540275574
0.9986427426338196
0.9847102761268616
0.9999721050262451
0.9999746084213257
1.0
0.9999985694885254
0.9997345805168152
0.9999648332595825
0.9999979734420776
0.9999294281005859
0.9999942779541016
0.978463351726532
1.0
0.9995405673980713
0.9999933242797852
0.999996542930603
1.0
0.9996323585510254
0.9998716115951538
0.03655538335442543
0.004827508237212896
0.08768020570278168
0.9999990463256836
0.9999489784240723
0.5990361571311951
0.9987627267837524
0.6824621558189392
2.173172219954722e-07
0.9513858556747437
0.9974683523178101
0.0012293315958231688
0.9999861717224121
0.9687311053276062
0.9990628361701965
0.9923921823501587
0.9999947547912598
0.9999785423278809
0.9995094537734985
0.0058561647310853004
0.9920957684516907
0.8622735142707825
0.9999561309814453
0.7226171493530273
0.9938821792602539
0.9999974966049194
0.002607004949823022
3.046903430004022e-06
0.995022177696228
0.9996662139892578
1.0
1.0
0.9997645020484924
0.9953206181526184
1.0
0.003544338745996356
0.9985381364822388
1.0
1.0
0.9999997615814209
7.566800923086703e-05
5.176220270186604e-07
0.3284185826778412
0.5246846675872803
0.9985073208808899
0.5961300730705261
0.9890342950820923
0.9998974800109863
0.98457932472229
0.9212851524353027
0.9257416725158691
0.8158724308013916
0.9992563128471375
2.1569734599324875e-05
0.003780774073675275
0.06914457678794861
0.9655232429504395
0.9989031553268433
0.05639735236763954
0.07998909801244736
0.999998927116394
0.9998119473457336
0.9999852180480957
0.9999947547912598
0.9999996423721313
0.99845290184021
0.9999945163726807
0.9454382658004761
0.9999885559082031
1.0
0.9357209205627441
0.9999904632568359
0.9998070597648621
0.9999743700027466
0.9998918771743774
0.9461061954498291
0.6953306198120117
0.5024217963218689
0.004934083204716444
0.020641617476940155
0.785815954208374
0.999925971031189
0.9999146461486816
0.007014402188360691
1.0
4.978104733988076e-11
0.0019266530871391296
0.09294843673706055
0.23995430767536163
1.7999877854890656e-06
0.009010451845824718
0.00039230124093592167
0.021932633593678474
0.00022658685338683426
0.003669141326099634
0.99988853931427
0.8499271869659424
0.816114068031311
0.9760117530822754
0.6033143997192383
4.203899607091444e-06
1.0077621404036563e-08
0.41346055269241333
0.5814700722694397
0.9999178647994995
0.9918838739395142
0.9915900826454163
0.9999186992645264
0.12058064341545105
0.0005189591902308166
0.9970904588699341
0.9996260404586792
0.9999933242797852
0.0028662767726927996
0.001730730989947915
0.9999938011169434
0.9679703116416931
0.0032934113405644894
0.6797712445259094
0.7179161906242371
0.9955518841743469
0.9685055613517761
0.974934995174408
0.9911549091339111
0.9989680051803589
0.9983606934547424
0.9999990463256836
0.9999995231628418
0.999992847442627
0.9999995231628418
0.9954190254211426
0.9999984502792358
1.0
0.999997615814209
1.0
1.0
0.9999998807907104
0.9999991655349731
0.22642093896865845
0.9999840259552002
0.9999991655349731
0.9999910593032837
0.9991111159324646
1.0
0.997204601764679
0.03717093542218208
0.530188798904419
0.007708752527832985
1.2966435747330252e-07
0.9030996561050415
0.002391420304775238
3.9368850934806687e-07
0.0005930368788540363
0.9824159145355225
1.2427478601750863e-08
0.00028872780967503786
0.056302260607481
0.9998424053192139
0.23149877786636353
0.9999377727508545
0.999987006187439
1.0
0.00030197823070921004
0.5863838791847229
0.025929106399416924
0.9995539784431458
1.0
1.0
0.9999245405197144
0.6121335625648499
0.8808422684669495
0.9515385627746582
2.790309565625648e-07
0.648895263671875
0.014594795182347298
0.9866929650306702
5.6545623010606505e-06
0.8311226963996887
0.9904080033302307
0.9293212890625
0.00010025014489656314
3.1693194614490494e-05
0.703107476234436
0.9985840320587158
0.9995837807655334
0.9998996257781982
0.9424166679382324
0.9995952248573303
0.8517444729804993
0.8058992624282837
0.646822452545166
0.004194018896669149
0.9999982118606567
0.025899870321154594
0.11761610209941864
0.22038987278938293
0.006665842141956091
0.0028007233049720526
3.002482173997123e-08
4.75353765239106e-08
0.00657816044986248
0.7044740319252014
0.08014931529760361
0.06803598999977112
0.49435433745384216
4.2242472773068585e-06
0.0005047728773206472
0.999535083770752
0.999377429485321
0.8208286166191101
0.07694500684738159
0.9993771910667419
0.7373157739639282
0.008165670558810234
0.0007649660692550242
0.0001443952787667513
7.853361603338271e-05
0.1121884286403656
0.0008134351810440421
0.0006906783673912287
0.7973562479019165
0.0011667645303532481
1.0
1.0
0.9994021654129028
0.9993440508842468
0.9999823570251465
1.0
0.9994625449180603
0.9999947547912598
0.9999785423278809
0.999991774559021
0.9999997615814209
0.11288367211818695
0.99908447265625
0.9763169288635254
0.9999330043792725
0.4787561297416687
0.0341167151927948
0.9999971389770508
0.9999998807907104
0.0010104688117280602
0.015411709435284138
0.08002617955207825
0.9989863038063049
0.9999994039535522
0.9999918937683105
0.2847696542739868
0.41064682602882385
0.9999960660934448
1.4331474631035235e-05
0.0002988087653648108
0.995323121547699
0.12401707470417023
0.014151954092085361
0.9917420148849487
0.9811186790466309
0.033334191888570786
0.8596444129943848
0.600077748298645
0.9780820608139038
0.04019535332918167
0.9876618385314941
0.00031315634259954095
1.6802610844024457e-05
0.6485240459442139
0.560585618019104
7.794488192303106e-05
0.037854261696338654
0.7791290283203125
0.9834241271018982
0.001628457335755229
0.9987990856170654
0.9979292154312134
0.8230637907981873
0.00588888768106699
0.8783406019210815
0.17643168568611145
0.0010532927699387074
0.9914544820785522
0.9970746040344238
0.06623142212629318
4.321910091675818e-05
0.9998782873153687
0.0053808256052434444
1.3376805441112083e-08
0.9547848701477051
2.7570514760100195e-08
0.002439029747620225
1.7243672118638642e-05
5.826389497087803e-06
2.1104781811054352e-10
1.93217388755329e-07
0.9899322986602783
0.004860786255449057
0.002572248922660947
0.00323523604311049
0.6134966015815735
0.9999269247055054
0.0301732886582613
2.7497613700688817e-05
0.9991569519042969
0.9999961853027344
0.9790406227111816
0.0018546856008470058
0.000567332492209971
0.9706747531890869
0.9682664275169373
0.9861587882041931
0.9999793767929077
0.9999963045120239
0.9620961546897888
0.5961416363716125
0.000195816537598148
0.015586990863084793
0.012549126520752907
0.05127653479576111
0.7699077129364014
7.578390795970336e-05
0.9999994039535522
0.9987207055091858
0.998710036277771
0.9558212161064148
0.06761011481285095
0.03644438087940216
0.44090715050697327
0.041112687438726425
0.03334895893931389
0.4215947687625885
0.6923035979270935
0.9999524354934692
0.9999995231628418
1.0
0.9999998807907104
1.0
0.9576564431190491
1.0
0.9999111890792847
0.471157044172287
1.0
1.0
0.9999998807907104
0.9949616193771362
0.9999922513961792
1.0
0.9999997615814209
0.9999974966049194
0.9931118488311768
0.9999390840530396
0.9999991655349731
1.0
1.0
1.0
0.9999997615814209
1.0
0.021385442465543747
0.9999982118606567
0.9994450211524963
0.9999984502792358
0.9924547672271729
0.9999765157699585
1.0
0.9998989105224609
0.9999997615814209
0.9999991655349731
0.9999946355819702
0.999998927116394
1.0
0.9999998807907104
0.9999973773956299
1.0
0.999997615814209
1.0
0.9994814991950989
1.0
1.0
0.9999980926513672
0.9728244543075562
1.0
1.0
0.9999954700469971
0.9999953508377075
1.0
0.9999998807907104
0.9999572038650513
0.999998927116394
0.9986506104469299
1.0
0.9999969005584717
0.9999041557312012
0.980160117149353
1.0
0.9999988079071045
1.0
0.9992434978485107
0.9999988079071045
0.9999998807907104
1.0
0.9999998807907104
0.9999655485153198
0.9999996423721313
1.0
0.997590184211731
1.0
1.0
0.9958009123802185
1.0
1.0
0.9999998807907104
0.9999998807907104
1.0
0.9979173541069031
0.9999995231628418
0.9999998807907104
1.0
0.9886588454246521
0.9998534917831421
0.9999994039535522
0.9906907081604004
0.9999998807907104
1.0
0.999998927116394
1.0
0.019980154931545258
1.0
1.0
0.9999927282333374
1.0
0.9999994039535522
1.0
0.9999991655349731
0.5209351181983948
0.9999926090240479
0.9999946355819702
1.0
0.9999852180480957
1.0
0.999996542930603
0.999998927116394
0.9998643398284912
0.9999697208404541
0.9999998807907104
1.0
1.0
0.9999977350234985
0.9998757839202881
1.0
0.999998927116394
1.0
0.9934433698654175
1.0
0.9999990463256836
0.999998927116394
0.9999006986618042
0.07752303034067154
1.0
0.005053635686635971
0.9997707009315491
0.02676224522292614
0.9999991655349731
0.9999995231628418
0.999997615814209
0.9830615520477295
1.0
1.0
0.02069578319787979
0.9997850060462952
0.009983066469430923
0.00015895828255452216
0.9998897314071655
0.9999998807907104
0.9999998807907104
0.9999998807907104
0.8257583379745483
0.9999998807907104
0.9999998807907104
0.9964914917945862
0.8704710602760315
1.0
1.0
0.9947063326835632
0.9984503984451294
0.9999983310699463
0.9999997615814209
0.9999973773956299
0.8370306491851807
1.0
0.9999929666519165
0.9979315996170044
0.9963313937187195
0.9999940395355225
0.4777814745903015
0.9999994039535522
1.0
0.9998611211776733
0.9999995231628418
0.9999998807907104
0.9999817609786987
1.0
1.0
0.9377286434173584
0.9999997615814209
0.9999610185623169
0.9999635219573975
0.9718467593193054
0.9993545413017273
0.048187702894210815
0.9999655485153198
0.9997230172157288
1.0
0.9723460078239441
1.0
0.9999978542327881
1.0
0.30081892013549805
0.9945107698440552
0.9999914169311523
1.0
0.9985217452049255
0.9999991655349731
0.9999995231628418
0.9999997615814209
0.9997772574424744
1.0
0.996624231338501
0.9999904632568359
0.9999997615814209
0.9999998807907104
1.0
1.0
0.9999958276748657
0.9999996423721313
0.9999998807907104
1.0
0.9987945556640625
1.0
0.08408503979444504
0.9948403239250183
0.9982588887214661
0.9993751645088196
0.9999992847442627
0.9999833106994629
0.9999998807907104
0.9999525547027588
1.0
1.0
1.0
0.9999970197677612
1.0
0.9999998807907104
1.0
0.9999146461486816
0.9999938011169434
0.9999896287918091
0.9999328851699829
1.0
0.9999988079071045
0.9929337501525879
1.0
0.9999951124191284
0.9529225826263428
0.9999943971633911
0.9978243112564087
0.9995366334915161
1.0
0.9999996423721313
1.0
1.0
0.9984568357467651
1.0
0.999860405921936
0.9999984502792358
0.9999998807907104
0.9999927282333374
1.0
0.9999998807907104
0.9999779462814331
1.0
0.9999994039535522
0.9999927282333374
0.025031408295035362
0.9999951124191284
0.9999754428863525
0.9999990463256836
1.0
0.9998914003372192
7.789985102135688e-05
0.9999834299087524
0.9998742341995239
1.0
0.9996490478515625
0.9998797178268433
1.0
0.999852180480957
1.0
0.9570885300636292
0.9494527578353882
0.9998466968536377
1.0
0.9999539852142334
0.9999998807907104
1.0
0.9999998807907104
0.9993056058883667
0.9999839067459106
1.0
0.9999994039535522
0.9999994039535522
0.9999998807907104
0.9999988079071045
1.0
0.9999998807907104
0.999981164932251
1.0
0.9999945163726807
0.0011693444103002548
0.9997662901878357
0.999985933303833
0.9999980926513672
1.0
0.9999945163726807
0.9979625940322876
0.9999986886978149
0.9999362230300903
0.9970101118087769
0.8715248703956604
0.9585696458816528
0.9999107122421265
0.9675784111022949
